---[1]---
valence:3
tile_count:3
center:(3,5,0)
canonical_boundary:[[(3,2,1),(4,1,2),(6,1,1),(4,2,3),(3,4,0),(4,3,2),(6,2,1),(4,5,1),(3,6,-2),(4,6,1),(6,3,1),(4,5,3),(3,7,-1),(4,5,4),(3,7,0),(4,5,5),(6,2,3),(4,3,6),(3,6,2),(4,2,7),(6,1,3),(4,3,5),(3,5,1),(4,3,4),(6,1,2),(4,1,5),(3,3,2),(4,0,5),(6,0,2),(4,1,3)]]
tiles:[[(6,2,3),(4,5,5),(3,7,0),(4,5,4),(6,2,2),(4,4,3),(3,5,0),(4,3,4),(3,5,1),(4,3,5),(6,1,3),(4,2,7),(3,6,2),(4,3,6)],[(3,6,-2),(4,5,1),(6,2,1),(4,3,2),(3,4,0),(4,3,3),(3,5,0),(4,4,3),(6,2,2),(4,5,4),(3,7,-1),(4,5,3),(6,3,1),(4,6,1)],[(3,4,0),(4,2,3),(6,1,1),(4,1,2),(3,2,1),(4,1,3),(6,0,2),(4,0,5),(3,3,2),(4,1,5),(6,1,2),(4,3,4),(3,5,0),(4,3,3)]]
indices:[6,6,12]
---[2]---
valence:3
tile_count:3
center:(3,5,0)
canonical_boundary:[[(3,2,1),(4,1,2),(6,1,1),(4,2,3),(3,4,0),(4,3,3),(6,2,1),(4,4,1),(3,5,-2),(4,5,0),(6,3,0),(4,6,1),(3,7,-3),(4,7,1),(6,3,1),(4,5,2),(3,6,-1),(4,4,3),(6,2,2),(4,3,5),(3,6,1),(4,3,6),(3,6,2),(4,2,7),(6,1,3),(4,1,6),(3,4,2),(4,1,5),(3,3,2),(4,0,5),(6,0,2),(4,1,3)]]
tiles:[[(6,3,0),(4,5,0),(3,5,-2),(4,4,1),(6,2,1),(4,3,3),(3,5,0),(4,4,3),(3,6,-1),(4,5,2),(6,3,1),(4,7,1),(3,7,-3),(4,6,1)],[(3,2,1),(4,1,3),(6,0,2),(4,0,5),(3,3,2),(4,1,5),(6,1,2),(4,3,4),(3,5,0),(4,3,3),(3,4,0),(4,2,3),(6,1,1),(4,1,2)],[(3,4,2),(4,1,6),(6,1,3),(4,2,7),(3,6,2),(4,3,6),(3,6,1),(4,3,5),(6,2,2),(4,4,3),(3,5,0),(4,3,4),(6,1,2),(4,1,5)]]
indices:[6,8,10]
---[3]---
valence:3
tile_count:3
center:(3,5,0)
canonical_boundary:[[(3,2,1),(4,1,2),(6,1,1),(4,2,3),(3,4,0),(4,3,2),(6,2,1),(4,5,1),(3,6,-2),(4,6,1),(6,3,1),(4,5,3),(3,7,-1),(4,5,4),(3,7,0),(4,5,5),(6,2,3),(4,3,6),(3,6,2),(4,2,7),(6,1,3),(4,3,5),(3,5,1),(4,3,4),(6,1,2),(4,1,5),(3,3,2),(4,0,5),(6,0,2),(4,1,3)]]
tiles:[[(6,0,2),(4,0,5),(3,3,2),(4,1,5),(6,1,2),(4,3,4),(3,5,0),(4,3,3),(3,4,0),(4,2,3),(6,1,1),(4,1,2),(3,2,1),(4,1,3)],[(3,6,2),(4,3,6),(6,2,3),(4,5,5),(3,7,0),(4,5,4),(6,2,2),(4,4,3),(3,5,0),(4,3,4),(3,5,1),(4,3,5),(6,1,3),(4,2,7)],[(3,7,-1),(4,5,3),(6,3,1),(4,6,1),(3,6,-2),(4,5,1),(6,2,1),(4,3,2),(3,4,0),(4,3,3),(3,5,0),(4,4,3),(6,2,2),(4,5,4)]]
indices:[6,8,10]
---[4]---
valence:3
tile_count:3
center:(3,5,0)
canonical_boundary:[[(3,2,1),(4,1,2),(6,1,1),(4,2,3),(3,4,0),(4,3,3),(6,2,1),(4,4,1),(3,5,-2),(4,5,0),(6,3,0),(4,6,1),(3,7,-3),(4,7,1),(6,3,1),(4,5,2),(3,6,-1),(4,4,3),(6,2,2),(4,5,4),(3,7,0),(4,5,5),(6,2,3),(4,3,6),(3,6,2),(4,2,7),(6,1,3),(4,3,5),(3,5,1),(4,3,4),(6,1,2),(4,1,5),(3,3,2),(4,0,5),(6,0,2),(4,1,3)]]
tiles:[[(6,2,3),(4,5,5),(3,7,0),(4,5,4),(6,2,2),(4,4,3),(3,5,0),(4,3,4),(3,5,1),(4,3,5),(6,1,3),(4,2,7),(3,6,2),(4,3,6)],[(3,7,-3),(4,6,1),(6,3,0),(4,5,0),(3,5,-2),(4,4,1),(6,2,1),(4,3,3),(3,5,0),(4,4,3),(3,6,-1),(4,5,2),(6,3,1),(4,7,1)],[(3,4,0),(4,2,3),(6,1,1),(4,1,2),(3,2,1),(4,1,3),(6,0,2),(4,0,5),(3,3,2),(4,1,5),(6,1,2),(4,3,4),(3,5,0),(4,3,3)]]
indices:[6,8,12]
---[5]---
valence:3
tile_count:3
center:(3,5,0)
canonical_boundary:[[(3,2,1),(4,1,2),(6,1,1),(4,2,3),(3,4,0),(4,3,3),(6,2,1),(4,5,2),(3,6,-2),(4,6,1),(3,7,-3),(4,7,1),(6,3,1),(4,6,3),(3,7,-1),(4,5,4),(6,2,2),(4,3,5),(3,6,1),(4,3,6),(3,6,2),(4,2,7),(6,1,3),(4,1,6),(3,4,2),(4,1,5),(3,3,2),(4,0,5),(6,0,2),(4,1,3)]]
tiles:[[(6,0,2),(4,0,5),(3,3,2),(4,1,5),(6,1,2),(4,3,4),(3,5,0),(4,3,3),(3,4,0),(4,2,3),(6,1,1),(4,1,2),(3,2,1),(4,1,3)],[(3,6,2),(4,3,6),(3,6,1),(4,3,5),(6,2,2),(4,4,3),(3,5,0),(4,3,4),(6,1,2),(4,1,5),(3,4,2),(4,1,6),(6,1,3),(4,2,7)],[(3,7,-1),(4,6,3),(6,3,1),(4,7,1),(3,7,-3),(4,6,1),(3,6,-2),(4,5,2),(6,2,1),(4,3,3),(3,5,0),(4,4,3),(6,2,2),(4,5,4)]]
indices:[6,6,10]
---[6]---
valence:3
tile_count:3
center:(3,5,0)
canonical_boundary:[[(3,2,1),(4,1,2),(6,1,1),(4,2,3),(3,4,0),(4,3,2),(6,2,1),(4,5,1),(3,6,-2),(4,6,1),(6,3,1),(4,5,3),(3,7,-1),(4,5,4),(6,2,2),(4,3,5),(3,6,1),(4,3,6),(3,6,2),(4,2,7),(6,1,3),(4,1,6),(3,4,2),(4,1,5),(3,3,2),(4,0,5),(6,0,2),(4,1,3)]]
tiles:[[(6,0,2),(4,0,5),(3,3,2),(4,1,5),(6,1,2),(4,3,4),(3,5,0),(4,3,3),(3,4,0),(4,2,3),(6,1,1),(4,1,2),(3,2,1),(4,1,3)],[(3,6,2),(4,3,6),(3,6,1),(4,3,5),(6,2,2),(4,4,3),(3,5,0),(4,3,4),(6,1,2),(4,1,5),(3,4,2),(4,1,6),(6,1,3),(4,2,7)],[(3,7,-1),(4,5,3),(6,3,1),(4,6,1),(3,6,-2),(4,5,1),(6,2,1),(4,3,2),(3,4,0),(4,3,3),(3,5,0),(4,4,3),(6,2,2),(4,5,4)]]
indices:[6,6,10]
---[7]---
valence:3
tile_count:3
center:(3,5,0)
canonical_boundary:[[(3,2,1),(4,1,2),(6,1,1),(4,2,3),(3,4,0),(4,3,3),(6,2,1),(4,4,1),(3,5,-2),(4,5,0),(6,3,0),(4,6,1),(3,7,-3),(4,7,1),(6,3,1),(4,5,2),(3,6,-1),(4,4,3),(6,2,2),(4,3,5),(3,6,1),(4,3,6),(3,6,2),(4,2,7),(6,1,3),(4,1,6),(3,4,2),(4,1,5),(3,3,2),(4,0,5),(6,0,2),(4,1,3)]]
tiles:[[(6,0,2),(4,0,5),(3,3,2),(4,1,5),(6,1,2),(4,3,4),(3,5,0),(4,3,3),(3,4,0),(4,2,3),(6,1,1),(4,1,2),(3,2,1),(4,1,3)],[(3,6,2),(4,3,6),(3,6,1),(4,3,5),(6,2,2),(4,4,3),(3,5,0),(4,3,4),(6,1,2),(4,1,5),(3,4,2),(4,1,6),(6,1,3),(4,2,7)],[(3,6,-1),(4,5,2),(6,3,1),(4,7,1),(3,7,-3),(4,6,1),(6,3,0),(4,5,0),(3,5,-2),(4,4,1),(6,2,1),(4,3,3),(3,5,0),(4,4,3)]]
indices:[6,6,12]
---[8]---
valence:3
tile_count:2
center:(3,4,0)
canonical_boundary:[[(3,2,0),(4,2,1),(3,3,-1),(4,3,1),(6,2,0),(4,5,0),(3,5,-2),(4,4,1),(6,2,1),(4,3,3),(3,5,0),(4,3,4),(6,2,2),(4,4,5),(3,6,1),(4,3,5),(6,1,3),(4,1,6),(3,4,2),(4,1,5),(6,1,2),(4,2,3),(6,1,1),(4,1,2)]]
tiles:[[(6,1,3),(4,1,6),(3,4,2),(4,1,5),(6,1,2),(4,2,3),(3,4,0),(4,3,3),(3,5,0),(4,3,4),(6,2,2),(4,4,5),(3,6,1),(4,3,5)],[(3,2,0),(4,2,1),(3,3,-1),(4,3,1),(6,2,0),(4,5,0),(3,5,-2),(4,4,1),(6,2,1),(4,3,3),(3,4,0),(4,2,3),(6,1,1),(4,1,2)]]
indices:[6,10]
---[9]---
valence:3
tile_count:2
center:(3,5,0)
canonical_boundary:[[(3,2,1),(4,1,2),(6,1,1),(4,2,3),(3,4,0),(4,3,3),(6,2,1),(4,4,1),(3,5,-2),(4,5,1),(3,6,-2),(4,5,2),(6,3,1),(4,6,3),(3,7,-1),(4,5,3),(6,2,2),(4,3,4),(6,1,2),(4,1,5),(3,3,2),(4,0,5),(6,0,2),(4,1,3)]]
tiles:[[(6,0,2),(4,0,5),(3,3,2),(4,1,5),(6,1,2),(4,3,4),(3,5,0),(4,3,3),(3,4,0),(4,2,3),(6,1,1),(4,1,2),(3,2,1),(4,1,3)],[(3,7,-1),(4,6,3),(6,3,1),(4,5,2),(3,6,-2),(4,5,1),(3,5,-2),(4,4,1),(6,2,1),(4,3,3),(3,5,0),(4,3,4),(6,2,2),(4,5,3)]]
indices:[6,10]
---[10]---
valence:3
tile_count:2
center:(3,4,0)
canonical_boundary:[[(3,2,0),(4,2,1),(3,3,-1),(4,3,1),(6,2,0),(4,5,0),(3,5,-2),(4,4,1),(6,2,1),(4,5,2),(3,6,-1),(4,4,3),(6,2,2),(4,3,5),(3,5,1),(4,2,5),(6,1,2),(4,1,4),(3,3,1),(4,2,3),(6,1,1),(4,1,2)]]
tiles:[[(6,2,1),(4,3,3),(3,4,0),(4,2,3),(6,1,1),(4,1,2),(3,2,0),(4,2,1),(3,3,-1),(4,3,1),(6,2,0),(4,5,0),(3,5,-2),(4,4,1)],[(3,3,1),(4,2,3),(3,4,0),(4,3,3),(6,2,1),(4,5,2),(3,6,-1),(4,4,3),(6,2,2),(4,3,5),(3,5,1),(4,2,5),(6,1,2),(4,1,4)]]
indices:[2,2]
---[11]---
valence:3
tile_count:2
center:(3,4,0)
canonical_boundary:[[(3,2,0),(4,2,1),(3,3,-1),(4,3,1),(6,2,0),(4,5,0),(3,5,-2),(4,4,1),(6,2,1),(4,3,3),(3,5,0),(4,3,4),(6,2,2),(4,4,5),(3,6,1),(4,3,5),(6,1,3),(4,1,6),(3,4,2),(4,1,5),(6,1,2),(4,2,3),(6,1,1),(4,1,2)]]
tiles:[[(6,2,1),(4,3,3),(3,4,0),(4,2,3),(6,1,1),(4,1,2),(3,2,0),(4,2,1),(3,3,-1),(4,3,1),(6,2,0),(4,5,0),(3,5,-2),(4,4,1)],[(3,4,2),(4,1,5),(6,1,2),(4,2,3),(3,4,0),(4,3,3),(3,5,0),(4,3,4),(6,2,2),(4,4,5),(3,6,1),(4,3,5),(6,1,3),(4,1,6)]]
indices:[2,4]
---[12]---
valence:3
tile_count:2
center:(3,4,0)
canonical_boundary:[[(3,2,0),(4,2,1),(3,3,-1),(4,3,1),(6,2,0),(4,5,0),(3,5,-2),(4,4,1),(6,2,1),(4,5,2),(3,6,-1),(4,5,3),(6,2,2),(4,4,5),(3,6,1),(4,3,5),(3,5,1),(4,3,4),(6,1,2),(4,2,3),(6,1,1),(4,1,2)]]
tiles:[[(6,2,1),(4,3,3),(3,4,0),(4,2,3),(6,1,1),(4,1,2),(3,2,0),(4,2,1),(3,3,-1),(4,3,1),(6,2,0),(4,5,0),(3,5,-2),(4,4,1)],[(3,5,1),(4,3,4),(6,1,2),(4,2,3),(3,4,0),(4,3,3),(6,2,1),(4,5,2),(3,6,-1),(4,5,3),(6,2,2),(4,4,5),(3,6,1),(4,3,5)]]
indices:[2,4]
---[13]---
valence:3
tile_count:2
center:(3,2,1)
canonical_boundary:[[(3,1,0),(4,1,0),(6,1,0),(4,2,1),(3,3,-1),(4,3,1),(3,4,-1),(4,3,2),(3,4,0),(4,3,3),(6,1,2),(4,2,5),(3,4,2),(4,1,5),(3,3,2),(4,1,4),(6,0,2),(4,0,3),(6,0,1),(4,1,1)]]
tiles:[[(6,0,1),(4,0,3),(3,2,1),(4,1,3),(6,1,1),(4,3,2),(3,4,-1),(4,3,1),(3,3,-1),(4,2,1),(6,1,0),(4,1,0),(3,1,0),(4,1,1)],[(3,4,2),(4,2,5),(6,1,2),(4,3,3),(3,4,0),(4,3,2),(6,1,1),(4,1,3),(3,2,1),(4,0,3),(6,0,2),(4,1,4),(3,3,2),(4,1,5)]]
indices:[2,8]
---[14]---
valence:3
tile_count:2
center:(3,5,0)
canonical_boundary:[[(3,2,1),(4,1,2),(6,1,1),(4,2,3),(3,4,0),(4,3,3),(6,2,1),(4,4,1),(3,5,-2),(4,5,1),(3,6,-2),(4,5,2),(6,3,1),(4,6,3),(3,7,-1),(4,5,3),(6,2,2),(4,3,4),(6,1,2),(4,1,5),(3,3,2),(4,0,5),(6,0,2),(4,1,3)]]
tiles:[[(6,2,2),(4,3,4),(3,5,0),(4,3,3),(6,2,1),(4,4,1),(3,5,-2),(4,5,1),(3,6,-2),(4,5,2),(6,3,1),(4,6,3),(3,7,-1),(4,5,3)],[(3,2,1),(4,1,2),(6,1,1),(4,2,3),(3,4,0),(4,3,3),(3,5,0),(4,3,4),(6,1,2),(4,1,5),(3,3,2),(4,0,5),(6,0,2),(4,1,3)]]
indices:[2,6]
---[15]---
valence:3
tile_count:2
center:(3,4,0)
canonical_boundary:[[(3,2,0),(4,2,1),(3,3,-1),(4,3,1),(6,2,0),(4,5,0),(3,5,-2),(4,4,1),(6,2,1),(4,3,3),(3,5,0),(4,3,4),(6,1,2),(4,1,5),(3,3,2),(4,0,5),(6,0,2),(4,1,3),(3,2,1),(4,1,2)]]
tiles:[[(6,2,1),(4,3,3),(3,4,0),(4,2,3),(6,1,1),(4,1,2),(3,2,0),(4,2,1),(3,3,-1),(4,3,1),(6,2,0),(4,5,0),(3,5,-2),(4,4,1)],[(3,3,2),(4,0,5),(6,0,2),(4,1,3),(3,2,1),(4,1,2),(6,1,1),(4,2,3),(3,4,0),(4,3,3),(3,5,0),(4,3,4),(6,1,2),(4,1,5)]]
indices:[2,8]
---[16]---
valence:3
tile_count:2
center:(3,4,0)
canonical_boundary:[[(3,2,0),(4,2,1),(3,3,-1),(4,3,1),(6,2,0),(4,5,0),(3,5,-2),(4,4,1),(6,2,1),(4,5,2),(3,6,-1),(4,4,3),(6,2,2),(4,3,5),(3,5,1),(4,2,5),(6,1,2),(4,1,4),(3,3,1),(4,2,3),(6,1,1),(4,1,2)]]
tiles:[[(6,2,2),(4,3,5),(3,5,1),(4,2,5),(6,1,2),(4,1,4),(3,3,1),(4,2,3),(3,4,0),(4,3,3),(6,2,1),(4,5,2),(3,6,-1),(4,4,3)],[(3,2,0),(4,2,1),(3,3,-1),(4,3,1),(6,2,0),(4,5,0),(3,5,-2),(4,4,1),(6,2,1),(4,3,3),(3,4,0),(4,2,3),(6,1,1),(4,1,2)]]
indices:[8,10]
---[17]---
valence:3
tile_count:3
center:(3,5,0)
canonical_boundary:[[(3,2,1),(4,1,2),(6,1,1),(4,2,3),(3,4,0),(4,3,2),(6,2,1),(4,5,1),(3,6,-2),(4,6,1),(6,3,1),(4,5,3),(3,7,-1),(4,5,4),(6,2,2),(4,3,5),(3,6,1),(4,3,6),(3,6,2),(4,2,7),(6,1,3),(4,1,6),(3,4,2),(4,1,5),(3,3,2),(4,0,5),(6,0,2),(4,1,3)]]
tiles:[[(6,3,1),(4,6,1),(3,6,-2),(4,5,1),(6,2,1),(4,3,2),(3,4,0),(4,3,3),(3,5,0),(4,4,3),(6,2,2),(4,5,4),(3,7,-1),(4,5,3)],[(3,2,1),(4,1,3),(6,0,2),(4,0,5),(3,3,2),(4,1,5),(6,1,2),(4,3,4),(3,5,0),(4,3,3),(3,4,0),(4,2,3),(6,1,1),(4,1,2)],[(3,5,0),(4,3,4),(6,1,2),(4,1,5),(3,4,2),(4,1,6),(6,1,3),(4,2,7),(3,6,2),(4,3,6),(3,6,1),(4,3,5),(6,2,2),(4,4,3)]]
indices:[8,8,0]
---[18]---
valence:3
tile_count:3
center:(3,5,0)
canonical_boundary:[[(3,2,1),(4,1,2),(6,1,1),(4,2,3),(3,4,0),(4,3,2),(6,2,1),(4,5,1),(3,6,-2),(4,6,1),(6,3,1),(4,5,3),(3,7,-1),(4,5,4),(3,7,0),(4,5,5),(6,2,3),(4,3,6),(3,6,2),(4,2,7),(6,1,3),(4,3,5),(3,5,1),(4,3,4),(6,1,2),(4,1,5),(3,3,2),(4,0,5),(6,0,2),(4,1,3)]]
tiles:[[(6,3,1),(4,6,1),(3,6,-2),(4,5,1),(6,2,1),(4,3,2),(3,4,0),(4,3,3),(3,5,0),(4,4,3),(6,2,2),(4,5,4),(3,7,-1),(4,5,3)],[(3,2,1),(4,1,3),(6,0,2),(4,0,5),(3,3,2),(4,1,5),(6,1,2),(4,3,4),(3,5,0),(4,3,3),(3,4,0),(4,2,3),(6,1,1),(4,1,2)],[(3,5,0),(4,3,4),(3,5,1),(4,3,5),(6,1,3),(4,2,7),(3,6,2),(4,3,6),(6,2,3),(4,5,5),(3,7,0),(4,5,4),(6,2,2),(4,4,3)]]
indices:[8,8,0]
---[19]---
valence:3
tile_count:2
center:(3,4,0)
canonical_boundary:[[(3,2,0),(4,2,1),(3,3,-1),(4,3,1),(6,2,0),(4,5,0),(3,5,-2),(4,4,1),(6,2,1),(4,3,3),(3,5,0),(4,3,4),(6,1,2),(4,1,5),(3,3,2),(4,0,5),(6,0,2),(4,1,3),(3,2,1),(4,1,2)]]
tiles:[[(6,0,2),(4,0,5),(3,3,2),(4,1,5),(6,1,2),(4,3,4),(3,5,0),(4,3,3),(3,4,0),(4,2,3),(6,1,1),(4,1,2),(3,2,1),(4,1,3)],[(3,4,0),(4,3,3),(6,2,1),(4,4,1),(3,5,-2),(4,5,0),(6,2,0),(4,3,1),(3,3,-1),(4,2,1),(3,2,0),(4,1,2),(6,1,1),(4,2,3)]]
indices:[8,0]
---[20]---
valence:3
tile_count:3
center:(3,5,0)
canonical_boundary:[[(3,2,1),(4,1,2),(6,1,1),(4,2,3),(3,4,0),(4,3,3),(6,2,1),(4,5,2),(3,6,-2),(4,6,1),(3,7,-3),(4,7,1),(6,3,1),(4,6,3),(3,7,-1),(4,5,4),(6,2,2),(4,3,5),(3,6,1),(4,3,6),(3,6,2),(4,2,7),(6,1,3),(4,1,6),(3,4,2),(4,1,5),(3,3,2),(4,0,5),(6,0,2),(4,1,3)]]
tiles:[[(6,1,2),(4,1,5),(3,4,2),(4,1,6),(6,1,3),(4,2,7),(3,6,2),(4,3,6),(3,6,1),(4,3,5),(6,2,2),(4,4,3),(3,5,0),(4,3,4)],[(3,5,0),(4,4,3),(6,2,2),(4,5,4),(3,7,-1),(4,6,3),(6,3,1),(4,7,1),(3,7,-3),(4,6,1),(3,6,-2),(4,5,2),(6,2,1),(4,3,3)],[(3,3,2),(4,1,5),(6,1,2),(4,3,4),(3,5,0),(4,3,3),(3,4,0),(4,2,3),(6,1,1),(4,1,2),(3,2,1),(4,1,3),(6,0,2),(4,0,5)]]
indices:[12,0,4]
---[21]---
valence:3
tile_count:3
center:(3,5,0)
canonical_boundary:[[(3,2,1),(4,1,2),(6,1,1),(4,3,1),(3,4,-1),(4,4,1),(6,2,1),(4,5,2),(3,6,-2),(4,6,1),(3,7,-3),(4,7,1),(6,3,1),(4,6,3),(3,7,-1),(4,5,4),(6,2,2),(4,3,5),(3,6,1),(4,3,6),(3,6,2),(4,2,7),(6,1,3),(4,1,6),(3,4,2),(4,1,5),(6,1,2),(4,2,3),(3,3,1),(4,1,3)]]
tiles:[[(6,2,1),(4,4,1),(3,4,-1),(4,3,1),(6,1,1),(4,1,2),(3,2,1),(4,1,3),(3,3,1),(4,2,3),(6,1,2),(4,3,4),(3,5,0),(4,3,3)],[(3,5,0),(4,3,4),(6,1,2),(4,1,5),(3,4,2),(4,1,6),(6,1,3),(4,2,7),(3,6,2),(4,3,6),(3,6,1),(4,3,5),(6,2,2),(4,4,3)],[(3,6,-2),(4,5,2),(6,2,1),(4,3,3),(3,5,0),(4,4,3),(6,2,2),(4,5,4),(3,7,-1),(4,6,3),(6,3,1),(4,7,1),(3,7,-3),(4,6,1)]]
indices:[12,0,4]
---[22]---
valence:3
tile_count:2
center:(3,4,0)
canonical_boundary:[[(3,2,0),(4,2,1),(3,3,-1),(4,3,1),(6,2,0),(4,5,0),(3,5,-2),(4,4,1),(6,2,1),(4,5,2),(3,6,-1),(4,5,3),(6,2,2),(4,4,5),(3,6,1),(4,3,5),(3,5,1),(4,3,4),(6,1,2),(4,2,3),(6,1,1),(4,1,2)]]
tiles:[[(6,2,1),(4,5,2),(3,6,-1),(4,5,3),(6,2,2),(4,4,5),(3,6,1),(4,3,5),(3,5,1),(4,3,4),(6,1,2),(4,2,3),(3,4,0),(4,3,3)],[(3,5,-2),(4,4,1),(6,2,1),(4,3,3),(3,4,0),(4,2,3),(6,1,1),(4,1,2),(3,2,0),(4,2,1),(3,3,-1),(4,3,1),(6,2,0),(4,5,0)]]
indices:[12,4]
---[23]---
valence:3
tile_count:3
center:(3,5,0)
canonical_boundary:[[(3,2,1),(4,1,2),(6,1,1),(4,2,3),(3,4,0),(4,3,2),(6,2,1),(4,5,1),(3,6,-2),(4,6,1),(6,3,1),(4,5,3),(3,7,-1),(4,5,4),(6,2,2),(4,3,5),(3,6,1),(4,3,6),(3,6,2),(4,2,7),(6,1,3),(4,1,6),(3,4,2),(4,1,5),(3,3,2),(4,0,5),(6,0,2),(4,1,3)]]
tiles:[[(6,1,2),(4,1,5),(3,4,2),(4,1,6),(6,1,3),(4,2,7),(3,6,2),(4,3,6),(3,6,1),(4,3,5),(6,2,2),(4,4,3),(3,5,0),(4,3,4)],[(3,5,0),(4,4,3),(6,2,2),(4,5,4),(3,7,-1),(4,5,3),(6,3,1),(4,6,1),(3,6,-2),(4,5,1),(6,2,1),(4,3,2),(3,4,0),(4,3,3)],[(3,3,2),(4,1,5),(6,1,2),(4,3,4),(3,5,0),(4,3,3),(3,4,0),(4,2,3),(6,1,1),(4,1,2),(3,2,1),(4,1,3),(6,0,2),(4,0,5)]]
indices:[12,0,4]
---[24]---
valence:3
tile_count:3
center:(3,5,0)
canonical_boundary:[[(3,2,1),(4,1,2),(6,1,1),(4,2,3),(3,4,0),(4,3,3),(6,2,1),(4,4,1),(3,5,-2),(4,5,0),(6,3,0),(4,6,1),(3,7,-3),(4,7,1),(6,3,1),(4,5,2),(3,6,-1),(4,4,3),(6,2,2),(4,3,5),(3,6,1),(4,3,6),(3,6,2),(4,2,7),(6,1,3),(4,1,6),(3,4,2),(4,1,5),(3,3,2),(4,0,5),(6,0,2),(4,1,3)]]
tiles:[[(6,1,2),(4,1,5),(3,4,2),(4,1,6),(6,1,3),(4,2,7),(3,6,2),(4,3,6),(3,6,1),(4,3,5),(6,2,2),(4,4,3),(3,5,0),(4,3,4)],[(3,5,0),(4,4,3),(3,6,-1),(4,5,2),(6,3,1),(4,7,1),(3,7,-3),(4,6,1),(6,3,0),(4,5,0),(3,5,-2),(4,4,1),(6,2,1),(4,3,3)],[(3,3,2),(4,1,5),(6,1,2),(4,3,4),(3,5,0),(4,3,3),(3,4,0),(4,2,3),(6,1,1),(4,1,2),(3,2,1),(4,1,3),(6,0,2),(4,0,5)]]
indices:[12,0,4]
---[25]---
valence:3
tile_count:3
center:(3,5,0)
canonical_boundary:[[(3,2,1),(4,1,2),(6,1,1),(4,2,3),(3,4,0),(4,3,3),(6,2,1),(4,5,2),(3,6,-2),(4,6,1),(3,7,-3),(4,7,1),(6,3,1),(4,6,3),(3,7,-1),(4,5,4),(6,2,2),(4,3,5),(3,6,1),(4,3,6),(3,6,2),(4,2,7),(6,1,3),(4,1,6),(3,4,2),(4,1,5),(3,3,2),(4,0,5),(6,0,2),(4,1,3)]]
tiles:[[(6,2,2),(4,5,4),(3,7,-1),(4,6,3),(6,3,1),(4,7,1),(3,7,-3),(4,6,1),(3,6,-2),(4,5,2),(6,2,1),(4,3,3),(3,5,0),(4,4,3)],[(3,5,0),(4,3,3),(3,4,0),(4,2,3),(6,1,1),(4,1,2),(3,2,1),(4,1,3),(6,0,2),(4,0,5),(3,3,2),(4,1,5),(6,1,2),(4,3,4)],[(3,6,1),(4,3,5),(6,2,2),(4,4,3),(3,5,0),(4,3,4),(6,1,2),(4,1,5),(3,4,2),(4,1,6),(6,1,3),(4,2,7),(3,6,2),(4,3,6)]]
indices:[12,0,4]
---[26]---
valence:3
tile_count:2
center:(3,2,1)
canonical_boundary:[[(3,1,0),(4,1,0),(6,1,0),(4,2,1),(3,3,-1),(4,3,1),(3,4,-1),(4,3,2),(3,4,0),(4,3,3),(6,1,2),(4,2,5),(3,4,2),(4,1,5),(3,3,2),(4,1,4),(6,0,2),(4,0,3),(6,0,1),(4,1,1)]]
tiles:[[(6,1,1),(4,3,2),(3,4,0),(4,3,3),(6,1,2),(4,2,5),(3,4,2),(4,1,5),(3,3,2),(4,1,4),(6,0,2),(4,0,3),(3,2,1),(4,1,3)],[(3,4,-1),(4,3,2),(6,1,1),(4,1,3),(3,2,1),(4,0,3),(6,0,1),(4,1,1),(3,1,0),(4,1,0),(6,1,0),(4,2,1),(3,3,-1),(4,3,1)]]
indices:[12,4]
---[27]---
valence:4
tile_count:3
center:(4,3,3)
canonical_boundary:[[(3,2,1),(4,1,2),(6,1,1),(4,3,1),(3,3,-1),(4,3,0),(6,2,0),(4,4,1),(3,5,-2),(4,5,1),(3,6,-2),(4,6,1),(3,7,-3),(4,7,1),(6,3,1),(4,6,3),(3,7,-1),(4,5,4),(6,2,2),(4,4,3),(3,5,0),(4,3,4),(6,1,2),(4,1,5),(3,3,2),(4,0,5),(6,0,2),(4,1,3)]]
tiles:[[(6,1,1),(4,2,3),(3,4,0),(4,3,3),(6,2,1),(4,5,2),(3,6,-2),(4,5,1),(3,5,-2),(4,4,1),(6,2,0),(4,3,0),(3,3,-1),(4,3,1)],[(3,5,0),(4,3,3),(3,4,0),(4,2,3),(6,1,1),(4,1,2),(3,2,1),(4,1,3),(6,0,2),(4,0,5),(3,3,2),(4,1,5),(6,1,2),(4,3,4)],[(3,7,-1),(4,6,3),(6,3,1),(4,7,1),(3,7,-3),(4,6,1),(3,6,-2),(4,5,2),(6,2,1),(4,3,3),(3,5,0),(4,4,3),(6,2,2),(4,5,4)]]
indices:[3,1,9]
---[28]---
valence:4
tile_count:3
center:(4,3,3)
canonical_boundary:[[(3,2,0),(4,2,1),(3,3,-1),(4,3,1),(6,2,0),(4,5,0),(3,5,-2),(4,5,1),(3,6,-2),(4,5,2),(6,3,1),(4,6,3),(3,7,-1),(4,5,3),(6,2,2),(4,4,5),(3,6,1),(4,3,5),(6,1,3),(4,1,6),(3,4,2),(4,1,5),(6,1,2),(4,2,3),(6,1,1),(4,1,2)]]
tiles:[[(6,2,2),(4,3,4),(3,5,0),(4,3,3),(6,2,1),(4,4,1),(3,5,-2),(4,5,1),(3,6,-2),(4,5,2),(6,3,1),(4,6,3),(3,7,-1),(4,5,3)],[(3,4,0),(4,3,3),(3,5,0),(4,3,4),(6,2,2),(4,4,5),(3,6,1),(4,3,5),(6,1,3),(4,1,6),(3,4,2),(4,1,5),(6,1,2),(4,2,3)],[(3,2,0),(4,2,1),(3,3,-1),(4,3,1),(6,2,0),(4,5,0),(3,5,-2),(4,4,1),(6,2,1),(4,3,3),(3,4,0),(4,2,3),(6,1,1),(4,1,2)]]
indices:[3,1,9]
---[29]---
valence:4
tile_count:4
center:(4,3,4)
canonical_boundary:[[(3,2,1),(4,1,2),(6,1,1),(4,3,1),(3,4,-1),(4,4,1),(6,2,1),(4,5,2),(3,6,-2),(4,6,1),(6,3,1),(4,5,3),(3,7,-1),(4,5,4),(3,7,0),(4,5,5),(3,8,0),(4,5,6),(6,2,3),(4,3,7),(3,6,2),(4,2,7),(6,1,3),(4,1,6),(3,4,3),(4,0,7),(6,0,3),(4,1,5),(3,3,2),(4,1,4),(3,3,1),(4,1,3)]]
tiles:[[(6,1,3),(4,3,5),(3,5,1),(4,3,4),(6,1,2),(4,2,3),(3,3,1),(4,1,4),(3,3,2),(4,1,5),(6,0,3),(4,0,7),(3,4,3),(4,1,6)],[(3,7,0),(4,4,5),(6,2,2),(4,3,4),(3,5,1),(4,3,5),(6,1,3),(4,2,7),(3,6,2),(4,3,7),(6,2,3),(4,5,6),(3,8,0),(4,5,5)],[(3,6,-2),(4,5,2),(6,2,1),(4,3,3),(3,5,0),(4,3,4),(6,2,2),(4,4,5),(3,7,0),(4,5,4),(3,7,-1),(4,5,3),(6,3,1),(4,6,1)],[(3,4,-1),(4,3,1),(6,1,1),(4,1,2),(3,2,1),(4,1,3),(3,3,1),(4,2,3),(6,1,2),(4,3,4),(3,5,0),(4,3,3),(6,2,1),(4,4,1)]]
indices:[3,3,5,9]
---[30]---
valence:4
tile_count:4
center:(4,3,4)
canonical_boundary:[[(3,2,1),(4,1,2),(6,1,1),(4,3,1),(3,4,-1),(4,4,1),(6,2,1),(4,3,3),(3,5,0),(4,4,3),(3,6,-1),(4,5,3),(6,3,1),(4,7,2),(3,8,-2),(4,6,3),(6,3,2),(4,5,5),(3,8,0),(4,5,6),(6,2,3),(4,3,7),(3,6,2),(4,2,7),(6,1,3),(4,1,6),(3,4,3),(4,0,7),(6,0,3),(4,1,5),(3,3,2),(4,1,4),(3,3,1),(4,1,3)]]
tiles:[[(6,1,3),(4,3,5),(3,5,1),(4,3,4),(6,1,2),(4,2,3),(3,3,1),(4,1,4),(3,3,2),(4,1,5),(6,0,3),(4,0,7),(3,4,3),(4,1,6)],[(3,7,0),(4,4,5),(6,2,2),(4,3,4),(3,5,1),(4,3,5),(6,1,3),(4,2,7),(3,6,2),(4,3,7),(6,2,3),(4,5,6),(3,8,0),(4,5,5)],[(3,8,-2),(4,7,2),(6,3,1),(4,5,3),(3,6,-1),(4,4,3),(3,5,0),(4,3,4),(6,2,2),(4,4,5),(3,7,0),(4,5,5),(6,3,2),(4,6,3)],[(3,4,-1),(4,3,1),(6,1,1),(4,1,2),(3,2,1),(4,1,3),(3,3,1),(4,2,3),(6,1,2),(4,3,4),(3,5,0),(4,3,3),(6,2,1),(4,4,1)]]
indices:[3,3,7,9]
---[31]---
valence:4
tile_count:4
center:(4,4,3)
canonical_boundary:[[(3,3,1),(4,1,3),(6,1,1),(4,3,2),(3,4,-1),(4,4,1),(3,5,-2),(4,5,0),(6,3,0),(4,6,1),(3,7,-3),(4,7,1),(3,8,-3),(4,7,2),(6,3,1),(4,5,3),(3,7,-1),(4,5,4),(6,3,2),(4,6,5),(3,8,0),(4,5,5),(6,2,3),(4,3,6),(3,6,2),(4,2,7),(6,1,3),(4,1,6),(3,4,2),(4,1,5),(6,1,2),(4,2,3)]]
tiles:[[(6,1,2),(4,3,4),(3,5,0),(4,4,3),(6,2,1),(4,5,1),(3,5,-2),(4,4,1),(3,4,-1),(4,3,2),(6,1,1),(4,1,3),(3,3,1),(4,2,3)],[(3,6,1),(4,3,5),(6,2,2),(4,4,3),(3,5,0),(4,3,4),(6,1,2),(4,1,5),(3,4,2),(4,1,6),(6,1,3),(4,2,7),(3,6,2),(4,3,6)],[(3,8,0),(4,6,5),(6,3,2),(4,5,4),(3,7,-1),(4,5,3),(3,6,-1),(4,4,3),(6,2,2),(4,3,5),(3,6,1),(4,3,6),(6,2,3),(4,5,5)],[(3,8,-3),(4,7,1),(3,7,-3),(4,6,1),(6,3,0),(4,5,0),(3,5,-2),(4,5,1),(6,2,1),(4,4,3),(3,6,-1),(4,5,3),(6,3,1),(4,7,2)]]
indices:[3,3,7,9]
---[32]---
valence:4
tile_count:2
center:(4,1,3)
canonical_boundary:[[(3,1,0),(4,1,0),(6,1,0),(4,2,1),(3,3,-1),(4,3,1),(3,4,-1),(4,3,2),(3,4,0),(4,3,3),(6,1,2),(4,2,5),(3,4,2),(4,1,5),(3,3,2),(4,1,4),(6,0,2),(4,0,3),(6,0,1),(4,1,1)]]
tiles:[[(6,0,1),(4,0,3),(3,2,1),(4,1,3),(6,1,1),(4,3,2),(3,4,-1),(4,3,1),(3,3,-1),(4,2,1),(6,1,0),(4,1,0),(3,1,0),(4,1,1)],[(3,4,2),(4,2,5),(6,1,2),(4,3,3),(3,4,0),(4,3,2),(6,1,1),(4,1,3),(3,2,1),(4,0,3),(6,0,2),(4,1,4),(3,3,2),(4,1,5)]]
indices:[3,7]
---[33]---
valence:4
tile_count:3
center:(4,3,3)
canonical_boundary:[[(3,2,0),(4,2,1),(3,3,-1),(4,3,1),(6,2,0),(4,5,0),(3,5,-2),(4,5,1),(3,6,-2),(4,5,2),(6,3,1),(4,6,3),(3,7,-1),(4,5,3),(6,2,2),(4,3,4),(6,1,2),(4,1,5),(3,3,2),(4,0,5),(6,0,2),(4,1,3),(3,2,1),(4,1,2)]]
tiles:[[(6,2,2),(4,3,4),(3,5,0),(4,3,3),(6,2,1),(4,4,1),(3,5,-2),(4,5,1),(3,6,-2),(4,5,2),(6,3,1),(4,6,3),(3,7,-1),(4,5,3)],[(3,2,1),(4,1,2),(6,1,1),(4,2,3),(3,4,0),(4,3,3),(3,5,0),(4,3,4),(6,1,2),(4,1,5),(3,3,2),(4,0,5),(6,0,2),(4,1,3)],[(3,2,0),(4,2,1),(3,3,-1),(4,3,1),(6,2,0),(4,5,0),(3,5,-2),(4,4,1),(6,2,1),(4,3,3),(3,4,0),(4,2,3),(6,1,1),(4,1,2)]]
indices:[3,5,9]
---[34]---
valence:4
tile_count:2
center:(4,2,3)
canonical_boundary:[[(3,2,0),(4,2,1),(3,3,-1),(4,3,1),(6,2,0),(4,5,0),(3,5,-2),(4,4,1),(6,2,1),(4,3,3),(3,5,0),(4,3,4),(6,1,2),(4,1,5),(3,3,2),(4,0,5),(6,0,2),(4,1,3),(3,2,1),(4,1,2)]]
tiles:[[(6,2,1),(4,3,3),(3,4,0),(4,2,3),(6,1,1),(4,1,2),(3,2,0),(4,2,1),(3,3,-1),(4,3,1),(6,2,0),(4,5,0),(3,5,-2),(4,4,1)],[(3,3,2),(4,0,5),(6,0,2),(4,1,3),(3,2,1),(4,1,2),(6,1,1),(4,2,3),(3,4,0),(4,3,3),(3,5,0),(4,3,4),(6,1,2),(4,1,5)]]
indices:[3,7]
---[35]---
valence:4
tile_count:2
center:(4,3,3)
canonical_boundary:[[(3,2,0),(4,2,1),(3,3,-1),(4,3,1),(6,2,0),(4,5,0),(3,5,-2),(4,4,1),(6,2,1),(4,5,2),(3,6,-1),(4,4,3),(6,2,2),(4,3,5),(3,5,1),(4,2,5),(6,1,2),(4,1,4),(3,3,1),(4,2,3),(6,1,1),(4,1,2)]]
tiles:[[(6,2,1),(4,3,3),(3,4,0),(4,2,3),(6,1,1),(4,1,2),(3,2,0),(4,2,1),(3,3,-1),(4,3,1),(6,2,0),(4,5,0),(3,5,-2),(4,4,1)],[(3,3,1),(4,2,3),(3,4,0),(4,3,3),(6,2,1),(4,5,2),(3,6,-1),(4,4,3),(6,2,2),(4,3,5),(3,5,1),(4,2,5),(6,1,2),(4,1,4)]]
indices:[1,3]
---[36]---
valence:4
tile_count:3
center:(4,3,3)
canonical_boundary:[[(3,2,0),(4,2,1),(3,3,-1),(4,3,1),(6,2,0),(4,5,0),(3,5,-2),(4,5,1),(3,6,-2),(4,5,2),(6,3,1),(4,6,3),(3,7,-1),(4,5,3),(6,2,2),(4,4,5),(3,6,1),(4,3,5),(6,1,3),(4,1,6),(3,4,2),(4,1,5),(6,1,2),(4,2,3),(6,1,1),(4,1,2)]]
tiles:[[(6,2,1),(4,3,3),(3,4,0),(4,2,3),(6,1,1),(4,1,2),(3,2,0),(4,2,1),(3,3,-1),(4,3,1),(6,2,0),(4,5,0),(3,5,-2),(4,4,1)],[(3,5,0),(4,3,3),(6,2,1),(4,4,1),(3,5,-2),(4,5,1),(3,6,-2),(4,5,2),(6,3,1),(4,6,3),(3,7,-1),(4,5,3),(6,2,2),(4,3,4)],[(3,4,2),(4,1,5),(6,1,2),(4,2,3),(3,4,0),(4,3,3),(3,5,0),(4,3,4),(6,2,2),(4,4,5),(3,6,1),(4,3,5),(6,1,3),(4,1,6)]]
indices:[1,1,5]
---[37]---
valence:4
tile_count:3
center:(4,3,3)
canonical_boundary:[[(3,2,0),(4,2,1),(3,3,-1),(4,3,1),(6,2,0),(4,5,0),(3,5,-2),(4,5,1),(3,6,-2),(4,5,2),(6,3,1),(4,6,3),(3,7,-1),(4,5,3),(6,2,2),(4,3,4),(6,1,2),(4,1,5),(3,3,2),(4,0,5),(6,0,2),(4,1,3),(3,2,1),(4,1,2)]]
tiles:[[(6,2,1),(4,3,3),(3,4,0),(4,2,3),(6,1,1),(4,1,2),(3,2,0),(4,2,1),(3,3,-1),(4,3,1),(6,2,0),(4,5,0),(3,5,-2),(4,4,1)],[(3,5,0),(4,3,3),(6,2,1),(4,4,1),(3,5,-2),(4,5,1),(3,6,-2),(4,5,2),(6,3,1),(4,6,3),(3,7,-1),(4,5,3),(6,2,2),(4,3,4)],[(3,3,2),(4,0,5),(6,0,2),(4,1,3),(3,2,1),(4,1,2),(6,1,1),(4,2,3),(3,4,0),(4,3,3),(3,5,0),(4,3,4),(6,1,2),(4,1,5)]]
indices:[1,1,9]
---[38]---
valence:4
tile_count:2
center:(4,3,3)
canonical_boundary:[[(3,2,0),(4,2,1),(3,3,-1),(4,3,1),(6,2,0),(4,5,0),(3,5,-2),(4,4,1),(6,2,1),(4,5,2),(3,6,-1),(4,5,3),(6,2,2),(4,4,5),(3,6,1),(4,3,5),(3,5,1),(4,3,4),(6,1,2),(4,2,3),(6,1,1),(4,1,2)]]
tiles:[[(6,2,1),(4,3,3),(3,4,0),(4,2,3),(6,1,1),(4,1,2),(3,2,0),(4,2,1),(3,3,-1),(4,3,1),(6,2,0),(4,5,0),(3,5,-2),(4,4,1)],[(3,5,1),(4,3,4),(6,1,2),(4,2,3),(3,4,0),(4,3,3),(6,2,1),(4,5,2),(3,6,-1),(4,5,3),(6,2,2),(4,4,5),(3,6,1),(4,3,5)]]
indices:[1,5]
---[39]---
valence:4
tile_count:3
center:(4,3,3)
canonical_boundary:[[(3,2,0),(4,2,1),(3,3,-1),(4,3,1),(6,2,0),(4,5,0),(6,3,0),(4,6,1),(3,7,-3),(4,7,1),(6,3,1),(4,5,2),(3,6,-1),(4,4,3),(3,5,0),(4,3,4),(6,2,2),(4,4,5),(3,6,1),(4,3,5),(6,1,3),(4,1,6),(3,4,2),(4,1,5),(6,1,2),(4,2,3),(6,1,1),(4,1,2)]]
tiles:[[(6,2,1),(4,3,3),(3,4,0),(4,2,3),(6,1,1),(4,1,2),(3,2,0),(4,2,1),(3,3,-1),(4,3,1),(6,2,0),(4,5,0),(3,5,-2),(4,4,1)],[(3,5,0),(4,3,3),(6,2,1),(4,4,1),(3,5,-2),(4,5,0),(6,3,0),(4,6,1),(3,7,-3),(4,7,1),(6,3,1),(4,5,2),(3,6,-1),(4,4,3)],[(3,4,2),(4,1,5),(6,1,2),(4,2,3),(3,4,0),(4,3,3),(3,5,0),(4,3,4),(6,2,2),(4,4,5),(3,6,1),(4,3,5),(6,1,3),(4,1,6)]]
indices:[1,1,5]
---[40]---
valence:4
tile_count:4
center:(4,3,2)
canonical_boundary:[[(3,1,0),(4,1,0),(6,1,0),(4,2,1),(3,3,-1),(4,3,1),(3,4,-1),(4,4,1),(3,5,-2),(4,5,1),(6,3,0),(4,7,0),(3,7,-3),(4,6,1),(6,3,1),(4,5,3),(3,7,-1),(4,5,4),(6,2,2),(4,3,5),(3,5,1),(4,2,5),(3,4,2),(4,1,5),(3,3,2),(4,1,4),(6,0,2),(4,0,3),(6,0,1),(4,1,1)]]
tiles:[[(6,1,1),(4,3,2),(3,4,0),(4,3,3),(6,1,2),(4,2,5),(3,4,2),(4,1,5),(3,3,2),(4,1,4),(6,0,2),(4,0,3),(3,2,1),(4,1,3)],[(3,4,-1),(4,3,2),(6,1,1),(4,1,3),(3,2,1),(4,0,3),(6,0,1),(4,1,1),(3,1,0),(4,1,0),(6,1,0),(4,2,1),(3,3,-1),(4,3,1)],[(3,7,-3),(4,6,1),(6,3,1),(4,5,3),(3,6,-1),(4,4,3),(6,2,1),(4,3,2),(3,4,-1),(4,4,1),(3,5,-2),(4,5,1),(6,3,0),(4,7,0)],[(3,7,-1),(4,5,4),(6,2,2),(4,3,5),(3,5,1),(4,2,5),(6,1,2),(4,3,3),(3,4,0),(4,3,2),(6,2,1),(4,4,3),(3,6,-1),(4,5,3)]]
indices:[1,1,7,9]
---[41]---
valence:4
tile_count:4
center:(4,3,4)
canonical_boundary:[[(3,2,1),(4,1,2),(6,1,1),(4,2,3),(3,4,0),(4,3,3),(3,5,0),(4,4,3),(6,2,1),(4,5,1),(3,6,-2),(4,6,1),(6,3,1),(4,7,2),(3,8,-2),(4,6,3),(6,3,2),(4,5,5),(3,8,0),(4,5,6),(6,2,3),(4,4,5),(3,6,1),(4,3,5),(6,1,3),(4,2,7),(3,5,3),(4,1,7),(3,4,3),(4,1,6),(6,0,3),(4,0,5),(6,0,2),(4,1,3)]]
tiles:[[(6,1,2),(4,3,4),(3,5,1),(4,3,5),(6,1,3),(4,2,7),(3,5,3),(4,1,7),(3,4,3),(4,1,6),(6,0,3),(4,0,5),(3,3,2),(4,1,5)],[(3,5,0),(4,3,4),(6,1,2),(4,1,5),(3,3,2),(4,0,5),(6,0,2),(4,1,3),(3,2,1),(4,1,2),(6,1,1),(4,2,3),(3,4,0),(4,3,3)],[(3,8,-2),(4,6,3),(3,7,-1),(4,5,3),(6,2,2),(4,3,4),(3,5,0),(4,4,3),(6,2,1),(4,5,1),(3,6,-2),(4,6,1),(6,3,1),(4,7,2)],[(3,8,0),(4,5,6),(6,2,3),(4,4,5),(3,6,1),(4,3,5),(3,5,1),(4,3,4),(6,2,2),(4,5,3),(3,7,-1),(4,6,3),(6,3,2),(4,5,5)]]
indices:[1,1,5,7]
---[42]---
valence:4
tile_count:3
center:(4,3,2)
canonical_boundary:[[(3,1,0),(4,1,0),(6,1,0),(4,2,1),(3,3,-1),(4,3,1),(3,4,-1),(4,4,1),(6,2,1),(4,5,2),(3,6,-1),(4,5,3),(6,2,2),(4,3,4),(3,5,1),(4,2,5),(3,4,2),(4,1,5),(3,3,2),(4,1,4),(6,0,2),(4,0,3),(6,0,1),(4,1,1)]]
tiles:[[(6,1,1),(4,3,2),(3,4,0),(4,3,3),(6,1,2),(4,2,5),(3,4,2),(4,1,5),(3,3,2),(4,1,4),(6,0,2),(4,0,3),(3,2,1),(4,1,3)],[(3,4,-1),(4,3,2),(6,1,1),(4,1,3),(3,2,1),(4,0,3),(6,0,1),(4,1,1),(3,1,0),(4,1,0),(6,1,0),(4,2,1),(3,3,-1),(4,3,1)],[(3,6,-1),(4,5,3),(6,2,2),(4,3,4),(3,5,1),(4,2,5),(6,1,2),(4,3,3),(3,4,0),(4,3,2),(3,4,-1),(4,4,1),(6,2,1),(4,5,2)]]
indices:[1,1,9]
---[43]---
valence:4
tile_count:2
center:(4,3,2)
canonical_boundary:[[(3,1,0),(4,1,0),(6,1,0),(4,2,1),(3,3,-1),(4,3,1),(3,4,-1),(4,4,1),(3,5,-2),(4,5,1),(6,2,1),(4,4,3),(3,5,0),(4,3,4),(6,1,2),(4,2,3),(3,3,1),(4,1,3),(3,2,1),(4,0,3),(6,0,1),(4,1,1)]]
tiles:[[(6,0,1),(4,0,3),(3,2,1),(4,1,3),(6,1,1),(4,3,2),(3,4,-1),(4,3,1),(3,3,-1),(4,2,1),(6,1,0),(4,1,0),(3,1,0),(4,1,1)],[(3,5,0),(4,4,3),(6,2,1),(4,5,1),(3,5,-2),(4,4,1),(3,4,-1),(4,3,2),(6,1,1),(4,1,3),(3,3,1),(4,2,3),(6,1,2),(4,3,4)]]
indices:[5,7]
---[44]---
valence:4
tile_count:2
center:(4,3,2)
canonical_boundary:[[(3,1,0),(4,1,0),(6,1,0),(4,2,1),(3,3,-1),(4,3,1),(3,4,-1),(4,4,1),(6,2,1),(4,3,3),(3,5,0),(4,3,4),(3,5,1),(4,2,5),(6,1,2),(4,1,4),(3,3,1),(4,1,3),(3,2,1),(4,0,3),(6,0,1),(4,1,1)]]
tiles:[[(6,0,1),(4,0,3),(3,2,1),(4,1,3),(6,1,1),(4,3,2),(3,4,-1),(4,3,1),(3,3,-1),(4,2,1),(6,1,0),(4,1,0),(3,1,0),(4,1,1)],[(3,5,1),(4,3,4),(3,5,0),(4,3,3),(6,2,1),(4,4,1),(3,4,-1),(4,3,2),(6,1,1),(4,1,3),(3,3,1),(4,1,4),(6,1,2),(4,2,5)]]
indices:[5,7]
---[45]---
valence:4
tile_count:4
center:(4,3,4)
canonical_boundary:[[(3,2,1),(4,1,2),(6,1,1),(4,2,3),(3,4,0),(4,3,3),(6,2,1),(4,5,2),(3,6,-2),(4,6,1),(6,3,1),(4,5,3),(3,7,-1),(4,5,4),(3,7,0),(4,5,5),(3,8,0),(4,5,6),(6,2,3),(4,3,7),(3,6,2),(4,2,7),(3,5,3),(4,1,7),(3,4,3),(4,1,6),(6,0,3),(4,0,5),(6,0,2),(4,1,3)]]
tiles:[[(6,0,2),(4,0,5),(3,3,2),(4,1,5),(6,1,2),(4,3,4),(3,5,0),(4,3,3),(3,4,0),(4,2,3),(6,1,1),(4,1,2),(3,2,1),(4,1,3)],[(3,5,3),(4,2,7),(6,1,3),(4,3,5),(3,5,1),(4,3,4),(6,1,2),(4,1,5),(3,3,2),(4,0,5),(6,0,3),(4,1,6),(3,4,3),(4,1,7)],[(3,8,0),(4,5,5),(3,7,0),(4,4,5),(6,2,2),(4,3,4),(3,5,1),(4,3,5),(6,1,3),(4,2,7),(3,6,2),(4,3,7),(6,2,3),(4,5,6)],[(3,7,0),(4,5,4),(3,7,-1),(4,5,3),(6,3,1),(4,6,1),(3,6,-2),(4,5,2),(6,2,1),(4,3,3),(3,5,0),(4,3,4),(6,2,2),(4,4,5)]]
indices:[5,5,5,11]
---[46]---
valence:4
tile_count:4
center:(4,3,2)
canonical_boundary:[[(3,1,0),(4,1,0),(6,1,0),(4,2,1),(3,3,-1),(4,3,1),(3,4,-1),(4,4,1),(3,5,-2),(4,5,1),(6,3,0),(4,7,0),(3,7,-3),(4,6,1),(6,3,1),(4,5,3),(3,7,-1),(4,5,4),(6,2,2),(4,3,5),(3,5,1),(4,2,5),(3,4,2),(4,1,5),(3,3,2),(4,1,4),(6,0,2),(4,0,3),(6,0,1),(4,1,1)]]
tiles:[[(6,0,1),(4,0,3),(3,2,1),(4,1,3),(6,1,1),(4,3,2),(3,4,-1),(4,3,1),(3,3,-1),(4,2,1),(6,1,0),(4,1,0),(3,1,0),(4,1,1)],[(3,4,2),(4,2,5),(6,1,2),(4,3,3),(3,4,0),(4,3,2),(6,1,1),(4,1,3),(3,2,1),(4,0,3),(6,0,2),(4,1,4),(3,3,2),(4,1,5)],[(3,7,-1),(4,5,3),(3,6,-1),(4,4,3),(6,2,1),(4,3,2),(3,4,0),(4,3,3),(6,1,2),(4,2,5),(3,5,1),(4,3,5),(6,2,2),(4,5,4)],[(3,6,-1),(4,5,3),(6,3,1),(4,6,1),(3,7,-3),(4,7,0),(6,3,0),(4,5,1),(3,5,-2),(4,4,1),(3,4,-1),(4,3,2),(6,2,1),(4,4,3)]]
indices:[5,5,5,11]
---[47]---
valence:4
tile_count:3
center:(4,3,2)
canonical_boundary:[[(3,1,0),(4,1,0),(6,1,0),(4,2,1),(3,3,-1),(4,3,1),(3,4,-1),(4,4,1),(6,2,1),(4,5,2),(3,6,-1),(4,5,3),(6,2,2),(4,3,4),(3,5,1),(4,2,5),(3,4,2),(4,1,5),(3,3,2),(4,1,4),(6,0,2),(4,0,3),(6,0,1),(4,1,1)]]
tiles:[[(6,0,1),(4,0,3),(3,2,1),(4,1,3),(6,1,1),(4,3,2),(3,4,-1),(4,3,1),(3,3,-1),(4,2,1),(6,1,0),(4,1,0),(3,1,0),(4,1,1)],[(3,4,2),(4,2,5),(6,1,2),(4,3,3),(3,4,0),(4,3,2),(6,1,1),(4,1,3),(3,2,1),(4,0,3),(6,0,2),(4,1,4),(3,3,2),(4,1,5)],[(3,5,1),(4,3,4),(6,2,2),(4,5,3),(3,6,-1),(4,5,2),(6,2,1),(4,4,1),(3,4,-1),(4,3,2),(3,4,0),(4,3,3),(6,1,2),(4,2,5)]]
indices:[5,5,9]
---[48]---
valence:4
tile_count:3
center:(4,3,3)
canonical_boundary:[[(3,2,0),(4,2,1),(3,3,-1),(4,3,1),(6,2,0),(4,5,0),(6,3,0),(4,6,1),(3,7,-3),(4,7,1),(6,3,1),(4,5,2),(3,6,-1),(4,4,3),(3,5,0),(4,3,4),(6,2,2),(4,4,5),(3,6,1),(4,3,5),(6,1,3),(4,1,6),(3,4,2),(4,1,5),(6,1,2),(4,2,3),(6,1,1),(4,1,2)]]
tiles:[[(6,3,0),(4,5,0),(3,5,-2),(4,4,1),(6,2,1),(4,3,3),(3,5,0),(4,4,3),(3,6,-1),(4,5,2),(6,3,1),(4,7,1),(3,7,-3),(4,6,1)],[(3,2,0),(4,1,2),(6,1,1),(4,2,3),(3,4,0),(4,3,3),(6,2,1),(4,4,1),(3,5,-2),(4,5,0),(6,2,0),(4,3,1),(3,3,-1),(4,2,1)],[(3,4,2),(4,1,6),(6,1,3),(4,3,5),(3,6,1),(4,4,5),(6,2,2),(4,3,4),(3,5,0),(4,3,3),(3,4,0),(4,2,3),(6,1,2),(4,1,5)]]
indices:[5,5,9]
---[49]---
valence:4
tile_count:4
center:(4,5,4)
canonical_boundary:[[(3,4,0),(4,3,2),(6,2,1),(4,4,3),(3,6,-1),(4,5,3),(3,7,-1),(4,6,3),(6,3,1),(4,7,1),(3,8,-3),(4,8,1),(6,4,1),(4,9,2),(3,10,-3),(4,8,3),(6,4,2),(4,7,5),(3,10,-1),(4,7,6),(6,3,3),(4,6,5),(3,8,0),(4,5,5),(3,7,0),(4,4,5),(6,2,3),(4,3,7),(3,6,2),(4,2,7),(6,1,3),(4,1,6),(3,4,2),(4,2,5),(6,1,2),(4,3,3)]]
tiles:[[(6,4,2),(4,8,3),(3,9,-2),(4,7,3),(6,3,2),(4,5,4),(3,7,0),(4,5,5),(3,8,0),(4,6,5),(6,3,3),(4,7,6),(3,10,-1),(4,7,5)],[(3,8,-3),(4,7,1),(6,3,1),(4,6,3),(3,7,-1),(4,5,4),(6,3,2),(4,7,3),(3,9,-2),(4,8,3),(3,10,-3),(4,9,2),(6,4,1),(4,8,1)],[(3,4,0),(4,3,3),(6,1,2),(4,2,5),(3,5,1),(4,3,5),(6,2,2),(4,5,4),(3,7,-1),(4,5,3),(3,6,-1),(4,4,3),(6,2,1),(4,3,2)],[(3,4,2),(4,1,6),(6,1,3),(4,2,7),(3,6,2),(4,3,7),(6,2,3),(4,4,5),(3,7,0),(4,5,4),(6,2,2),(4,3,5),(3,5,1),(4,2,5)]]
indices:[5,5,7,9]
---[50]---
valence:4
tile_count:4
center:(4,3,4)
canonical_boundary:[[(3,2,1),(4,1,2),(6,1,1),(4,2,3),(3,4,0),(4,3,3),(3,5,0),(4,4,3),(6,2,1),(4,5,1),(3,6,-2),(4,6,1),(6,3,1),(4,7,2),(3,8,-2),(4,6,3),(6,3,2),(4,5,5),(3,8,0),(4,5,6),(6,2,3),(4,4,5),(3,6,1),(4,3,5),(6,1,3),(4,2,7),(3,5,3),(4,1,7),(3,4,3),(4,1,6),(6,0,3),(4,0,5),(6,0,2),(4,1,3)]]
tiles:[[(6,3,2),(4,6,3),(3,7,-1),(4,5,3),(6,2,2),(4,3,4),(3,5,1),(4,3,5),(3,6,1),(4,4,5),(6,2,3),(4,5,6),(3,8,0),(4,5,5)],[(3,6,-2),(4,5,1),(6,2,1),(4,4,3),(3,5,0),(4,3,4),(6,2,2),(4,5,3),(3,7,-1),(4,6,3),(3,8,-2),(4,7,2),(6,3,1),(4,6,1)],[(3,2,1),(4,1,3),(6,0,2),(4,0,5),(3,3,2),(4,1,5),(6,1,2),(4,3,4),(3,5,0),(4,3,3),(3,4,0),(4,2,3),(6,1,1),(4,1,2)],[(3,3,2),(4,0,5),(6,0,3),(4,1,6),(3,4,3),(4,1,7),(3,5,3),(4,2,7),(6,1,3),(4,3,5),(3,5,1),(4,3,4),(6,1,2),(4,1,5)]]
indices:[5,5,7,11]
---[51]---
valence:4
tile_count:4
center:(4,4,3)
canonical_boundary:[[(3,3,1),(4,1,3),(6,1,1),(4,3,2),(3,4,-1),(4,4,1),(3,5,-2),(4,5,0),(6,3,0),(4,6,1),(3,7,-3),(4,7,1),(3,8,-3),(4,7,2),(3,8,-2),(4,7,3),(6,3,2),(4,6,5),(3,8,0),(4,5,5),(6,2,3),(4,3,6),(3,6,2),(4,2,7),(6,1,3),(4,3,5),(3,5,1),(4,3,4),(6,1,2),(4,2,3)]]
tiles:[[(6,2,3),(4,5,5),(3,7,0),(4,5,4),(6,2,2),(4,4,3),(3,5,0),(4,3,4),(3,5,1),(4,3,5),(6,1,3),(4,2,7),(3,6,2),(4,3,6)],[(3,8,-2),(4,7,2),(6,3,1),(4,5,3),(3,6,-1),(4,4,3),(6,2,2),(4,5,4),(3,7,0),(4,5,5),(3,8,0),(4,6,5),(6,3,2),(4,7,3)],[(3,7,-3),(4,6,1),(6,3,0),(4,5,0),(3,5,-2),(4,5,1),(6,2,1),(4,4,3),(3,6,-1),(4,5,3),(6,3,1),(4,7,2),(3,8,-3),(4,7,1)],[(3,5,-2),(4,4,1),(3,4,-1),(4,3,2),(6,1,1),(4,1,3),(3,3,1),(4,2,3),(6,1,2),(4,3,4),(3,5,0),(4,4,3),(6,2,1),(4,5,1)]]
indices:[5,5,7,11]
---[52]---
valence:4
tile_count:4
center:(4,3,2)
canonical_boundary:[[(3,1,0),(4,1,0),(6,1,0),(4,2,1),(3,3,-1),(4,3,1),(3,4,-1),(4,4,1),(3,5,-2),(4,5,1),(6,3,0),(4,7,0),(3,7,-3),(4,6,1),(6,3,1),(4,5,3),(3,7,-1),(4,5,4),(6,2,2),(4,3,5),(3,5,1),(4,2,5),(3,4,2),(4,1,5),(3,3,2),(4,1,4),(6,0,2),(4,0,3),(6,0,1),(4,1,1)]]
tiles:[[(6,3,1),(4,5,3),(3,6,-1),(4,4,3),(6,2,1),(4,3,2),(3,4,-1),(4,4,1),(3,5,-2),(4,5,1),(6,3,0),(4,7,0),(3,7,-3),(4,6,1)],[(3,5,1),(4,2,5),(6,1,2),(4,3,3),(3,4,0),(4,3,2),(6,2,1),(4,4,3),(3,6,-1),(4,5,3),(3,7,-1),(4,5,4),(6,2,2),(4,3,5)],[(3,3,2),(4,1,4),(6,0,2),(4,0,3),(3,2,1),(4,1,3),(6,1,1),(4,3,2),(3,4,0),(4,3,3),(6,1,2),(4,2,5),(3,4,2),(4,1,5)],[(3,2,1),(4,0,3),(6,0,1),(4,1,1),(3,1,0),(4,1,0),(6,1,0),(4,2,1),(3,3,-1),(4,3,1),(3,4,-1),(4,3,2),(6,1,1),(4,1,3)]]
indices:[5,5,7,11]
---[53]---
valence:4
tile_count:4
center:(4,3,4)
canonical_boundary:[[(3,2,1),(4,1,2),(6,1,1),(4,3,1),(3,4,-1),(4,4,1),(6,2,1),(4,3,3),(3,5,0),(4,4,3),(3,6,-1),(4,5,3),(6,3,1),(4,7,2),(3,8,-2),(4,6,3),(6,3,2),(4,5,5),(3,8,0),(4,5,6),(6,2,3),(4,3,7),(3,6,2),(4,2,7),(6,1,3),(4,1,6),(3,4,3),(4,0,7),(6,0,3),(4,1,5),(3,3,2),(4,1,4),(3,3,1),(4,1,3)]]
tiles:[[(6,3,2),(4,5,5),(3,7,0),(4,4,5),(6,2,2),(4,3,4),(3,5,0),(4,4,3),(3,6,-1),(4,5,3),(6,3,1),(4,7,2),(3,8,-2),(4,6,3)],[(3,6,2),(4,2,7),(6,1,3),(4,3,5),(3,5,1),(4,3,4),(6,2,2),(4,4,5),(3,7,0),(4,5,5),(3,8,0),(4,5,6),(6,2,3),(4,3,7)],[(3,4,3),(4,0,7),(6,0,3),(4,1,5),(3,3,2),(4,1,4),(3,3,1),(4,2,3),(6,1,2),(4,3,4),(3,5,1),(4,3,5),(6,1,3),(4,1,6)],[(3,2,1),(4,1,2),(6,1,1),(4,3,1),(3,4,-1),(4,4,1),(6,2,1),(4,3,3),(3,5,0),(4,3,4),(6,1,2),(4,2,3),(3,3,1),(4,1,3)]]
indices:[5,5,9,9]
---[54]---
valence:4
tile_count:4
center:(4,4,3)
canonical_boundary:[[(3,3,1),(4,1,3),(6,1,1),(4,3,2),(3,4,-1),(4,4,1),(3,5,-2),(4,5,0),(6,3,0),(4,6,1),(3,7,-3),(4,7,1),(3,8,-3),(4,7,2),(6,3,1),(4,5,3),(3,7,-1),(4,5,4),(6,3,2),(4,6,5),(3,8,0),(4,5,5),(6,2,3),(4,3,6),(3,6,2),(4,2,7),(6,1,3),(4,1,6),(3,4,2),(4,1,5),(6,1,2),(4,2,3)]]
tiles:[[(6,2,3),(4,3,6),(3,6,1),(4,3,5),(6,2,2),(4,4,3),(3,6,-1),(4,5,3),(3,7,-1),(4,5,4),(6,3,2),(4,6,5),(3,8,0),(4,5,5)],[(3,4,2),(4,1,5),(6,1,2),(4,3,4),(3,5,0),(4,4,3),(6,2,2),(4,3,5),(3,6,1),(4,3,6),(3,6,2),(4,2,7),(6,1,3),(4,1,6)],[(3,3,1),(4,1,3),(6,1,1),(4,3,2),(3,4,-1),(4,4,1),(3,5,-2),(4,5,1),(6,2,1),(4,4,3),(3,5,0),(4,3,4),(6,1,2),(4,2,3)],[(3,5,-2),(4,5,0),(6,3,0),(4,6,1),(3,7,-3),(4,7,1),(3,8,-3),(4,7,2),(6,3,1),(4,5,3),(3,6,-1),(4,4,3),(6,2,1),(4,5,1)]]
indices:[5,5,9,11]
---[55]---
valence:4
tile_count:3
center:(4,3,4)
canonical_boundary:[[(3,3,1),(4,1,3),(6,1,1),(4,3,2),(3,4,-1),(4,4,1),(6,2,1),(4,3,3),(3,5,0),(4,4,3),(3,6,-1),(4,5,3),(6,3,1),(4,7,2),(3,8,-2),(4,6,3),(6,3,2),(4,5,5),(3,8,0),(4,5,6),(6,2,3),(4,3,7),(3,6,2),(4,2,7),(6,1,3),(4,3,5),(3,5,1),(4,2,5),(6,1,2),(4,1,4)]]
tiles:[[(6,3,2),(4,5,5),(3,7,0),(4,4,5),(6,2,2),(4,3,4),(3,5,0),(4,4,3),(3,6,-1),(4,5,3),(6,3,1),(4,7,2),(3,8,-2),(4,6,3)],[(3,6,2),(4,2,7),(6,1,3),(4,3,5),(3,5,1),(4,3,4),(6,2,2),(4,4,5),(3,7,0),(4,5,5),(3,8,0),(4,5,6),(6,2,3),(4,3,7)],[(3,3,1),(4,1,3),(6,1,1),(4,3,2),(3,4,-1),(4,4,1),(6,2,1),(4,3,3),(3,5,0),(4,3,4),(3,5,1),(4,2,5),(6,1,2),(4,1,4)]]
indices:[5,5,9]
---[56]---
valence:4
tile_count:3
center:(4,3,3)
canonical_boundary:[[(3,2,1),(4,1,2),(6,1,1),(4,3,1),(3,3,-1),(4,3,0),(6,2,0),(4,4,1),(3,5,-2),(4,5,1),(3,6,-2),(4,6,1),(3,7,-3),(4,7,1),(6,3,1),(4,6,3),(3,7,-1),(4,5,4),(6,2,2),(4,4,3),(3,5,0),(4,3,4),(6,1,2),(4,1,5),(3,3,2),(4,0,5),(6,0,2),(4,1,3)]]
tiles:[[(6,0,2),(4,0,5),(3,3,2),(4,1,5),(6,1,2),(4,3,4),(3,5,0),(4,3,3),(3,4,0),(4,2,3),(6,1,1),(4,1,2),(3,2,1),(4,1,3)],[(3,7,-1),(4,6,3),(6,3,1),(4,7,1),(3,7,-3),(4,6,1),(3,6,-2),(4,5,2),(6,2,1),(4,3,3),(3,5,0),(4,4,3),(6,2,2),(4,5,4)],[(3,6,-2),(4,5,1),(3,5,-2),(4,4,1),(6,2,0),(4,3,0),(3,3,-1),(4,3,1),(6,1,1),(4,2,3),(3,4,0),(4,3,3),(6,2,1),(4,5,2)]]
indices:[7,9,11]
---[57]---
valence:4
tile_count:3
center:(4,3,4)
canonical_boundary:[[(3,3,1),(4,1,3),(6,1,1),(4,3,2),(3,4,-1),(4,4,1),(6,2,1),(4,3,3),(3,5,0),(4,4,3),(3,6,-1),(4,5,3),(6,3,1),(4,7,2),(3,8,-2),(4,6,3),(6,3,2),(4,5,5),(3,8,0),(4,5,6),(6,2,3),(4,3,7),(3,6,2),(4,2,7),(6,1,3),(4,3,5),(3,5,1),(4,2,5),(6,1,2),(4,1,4)]]
tiles:[[(6,1,1),(4,1,3),(3,3,1),(4,1,4),(6,1,2),(4,2,5),(3,5,1),(4,3,4),(3,5,0),(4,3,3),(6,2,1),(4,4,1),(3,4,-1),(4,3,2)],[(3,6,2),(4,3,7),(6,2,3),(4,5,6),(3,8,0),(4,5,5),(3,7,0),(4,4,5),(6,2,2),(4,3,4),(3,5,1),(4,3,5),(6,1,3),(4,2,7)],[(3,7,0),(4,5,5),(6,3,2),(4,6,3),(3,8,-2),(4,7,2),(6,3,1),(4,5,3),(3,6,-1),(4,4,3),(3,5,0),(4,3,4),(6,2,2),(4,4,5)]]
indices:[7,9,11]
---[58]---
valence:4
tile_count:2
center:(4,3,3)
canonical_boundary:[[(3,2,1),(4,1,2),(6,1,1),(4,2,3),(3,4,0),(4,3,2),(6,2,1),(4,5,1),(3,6,-2),(4,6,1),(6,3,1),(4,5,3),(3,7,-1),(4,5,4),(6,2,2),(4,4,3),(3,5,0),(4,3,4),(6,1,2),(4,1,5),(3,3,2),(4,0,5),(6,0,2),(4,1,3)]]
tiles:[[(6,3,1),(4,6,1),(3,6,-2),(4,5,1),(6,2,1),(4,3,2),(3,4,0),(4,3,3),(3,5,0),(4,4,3),(6,2,2),(4,5,4),(3,7,-1),(4,5,3)],[(3,2,1),(4,1,3),(6,0,2),(4,0,5),(3,3,2),(4,1,5),(6,1,2),(4,3,4),(3,5,0),(4,3,3),(3,4,0),(4,2,3),(6,1,1),(4,1,2)]]
indices:[7,9]
---[59]---
valence:4
tile_count:3
center:(4,3,2)
canonical_boundary:[[(3,1,0),(4,1,0),(6,1,0),(4,2,1),(3,3,-1),(4,3,1),(3,4,-1),(4,4,1),(6,2,1),(4,5,2),(3,6,-1),(4,5,3),(6,2,2),(4,3,4),(3,5,1),(4,2,5),(3,4,2),(4,1,5),(3,3,2),(4,1,4),(6,0,2),(4,0,3),(6,0,1),(4,1,1)]]
tiles:[[(6,2,2),(4,5,3),(3,6,-1),(4,5,2),(6,2,1),(4,4,1),(3,4,-1),(4,3,2),(3,4,0),(4,3,3),(6,1,2),(4,2,5),(3,5,1),(4,3,4)],[(3,3,-1),(4,2,1),(6,1,0),(4,1,0),(3,1,0),(4,1,1),(6,0,1),(4,0,3),(3,2,1),(4,1,3),(6,1,1),(4,3,2),(3,4,-1),(4,3,1)],[(3,4,0),(4,3,2),(6,1,1),(4,1,3),(3,2,1),(4,0,3),(6,0,2),(4,1,4),(3,3,2),(4,1,5),(3,4,2),(4,2,5),(6,1,2),(4,3,3)]]
indices:[7,11,1]
---[60]---
valence:4
tile_count:3
center:(4,3,3)
canonical_boundary:[[(3,2,0),(4,2,1),(3,3,-1),(4,3,1),(6,2,0),(4,5,0),(3,5,-2),(4,5,1),(3,6,-2),(4,5,2),(6,3,1),(4,6,3),(3,7,-1),(4,5,3),(6,2,2),(4,4,5),(3,6,1),(4,3,5),(6,1,3),(4,1,6),(3,4,2),(4,1,5),(6,1,2),(4,2,3),(6,1,1),(4,1,2)]]
tiles:[[(6,1,3),(4,1,6),(3,4,2),(4,1,5),(6,1,2),(4,2,3),(3,4,0),(4,3,3),(3,5,0),(4,3,4),(6,2,2),(4,4,5),(3,6,1),(4,3,5)],[(3,2,0),(4,2,1),(3,3,-1),(4,3,1),(6,2,0),(4,5,0),(3,5,-2),(4,4,1),(6,2,1),(4,3,3),(3,4,0),(4,2,3),(6,1,1),(4,1,2)],[(3,5,-2),(4,5,1),(3,6,-2),(4,5,2),(6,3,1),(4,6,3),(3,7,-1),(4,5,3),(6,2,2),(4,3,4),(3,5,0),(4,3,3),(6,2,1),(4,4,1)]]
indices:[7,9,11]
---[61]---
valence:4
tile_count:3
center:(4,3,3)
canonical_boundary:[[(3,2,0),(4,2,1),(3,3,-1),(4,3,1),(6,2,0),(4,5,0),(6,3,0),(4,6,1),(3,7,-3),(4,7,1),(6,3,1),(4,5,2),(3,6,-1),(4,4,3),(3,5,0),(4,3,4),(6,2,2),(4,4,5),(3,6,1),(4,3,5),(6,1,3),(4,1,6),(3,4,2),(4,1,5),(6,1,2),(4,2,3),(6,1,1),(4,1,2)]]
tiles:[[(6,1,3),(4,1,6),(3,4,2),(4,1,5),(6,1,2),(4,2,3),(3,4,0),(4,3,3),(3,5,0),(4,3,4),(6,2,2),(4,4,5),(3,6,1),(4,3,5)],[(3,2,0),(4,2,1),(3,3,-1),(4,3,1),(6,2,0),(4,5,0),(3,5,-2),(4,4,1),(6,2,1),(4,3,3),(3,4,0),(4,2,3),(6,1,1),(4,1,2)],[(3,5,-2),(4,5,0),(6,3,0),(4,6,1),(3,7,-3),(4,7,1),(6,3,1),(4,5,2),(3,6,-1),(4,4,3),(3,5,0),(4,3,3),(6,2,1),(4,4,1)]]
indices:[7,9,11]
---[62]---
valence:4
tile_count:3
center:(4,3,3)
canonical_boundary:[[(3,2,0),(4,2,1),(3,3,-1),(4,3,1),(6,2,0),(4,5,0),(3,5,-2),(4,5,1),(3,6,-2),(4,5,2),(6,3,1),(4,6,3),(3,7,-1),(4,5,3),(6,2,2),(4,3,4),(6,1,2),(4,1,5),(3,3,2),(4,0,5),(6,0,2),(4,1,3),(3,2,1),(4,1,2)]]
tiles:[[(6,0,2),(4,0,5),(3,3,2),(4,1,5),(6,1,2),(4,3,4),(3,5,0),(4,3,3),(3,4,0),(4,2,3),(6,1,1),(4,1,2),(3,2,1),(4,1,3)],[(3,7,-1),(4,6,3),(6,3,1),(4,5,2),(3,6,-2),(4,5,1),(3,5,-2),(4,4,1),(6,2,1),(4,3,3),(3,5,0),(4,3,4),(6,2,2),(4,5,3)],[(3,4,0),(4,3,3),(6,2,1),(4,4,1),(3,5,-2),(4,5,0),(6,2,0),(4,3,1),(3,3,-1),(4,2,1),(3,2,0),(4,1,2),(6,1,1),(4,2,3)]]
indices:[7,9,1]
---[63]---
valence:4
tile_count:2
center:(4,3,3)
canonical_boundary:[[(3,2,0),(4,2,1),(3,3,-1),(4,3,1),(6,2,0),(4,5,0),(3,5,-2),(4,4,1),(6,2,1),(4,5,2),(3,6,-1),(4,4,3),(6,2,2),(4,3,5),(3,5,1),(4,2,5),(6,1,2),(4,1,4),(3,3,1),(4,2,3),(6,1,1),(4,1,2)]]
tiles:[[(6,2,2),(4,3,5),(3,5,1),(4,2,5),(6,1,2),(4,1,4),(3,3,1),(4,2,3),(3,4,0),(4,3,3),(6,2,1),(4,5,2),(3,6,-1),(4,4,3)],[(3,2,0),(4,2,1),(3,3,-1),(4,3,1),(6,2,0),(4,5,0),(3,5,-2),(4,4,1),(6,2,1),(4,3,3),(3,4,0),(4,2,3),(6,1,1),(4,1,2)]]
indices:[9,9]
---[64]---
valence:4
tile_count:2
center:(4,2,3)
canonical_boundary:[[(3,2,1),(4,1,2),(6,1,1),(4,3,1),(3,4,-1),(4,3,2),(3,4,0),(4,3,3),(6,2,1),(4,5,2),(3,6,-1),(4,5,3),(6,2,2),(4,4,5),(3,6,1),(4,3,5),(3,5,1),(4,3,4),(6,1,2),(4,1,5),(3,3,2),(4,1,4),(6,0,2),(4,0,3)]]
tiles:[[(6,0,2),(4,0,3),(3,2,1),(4,1,2),(6,1,1),(4,3,1),(3,4,-1),(4,3,2),(3,4,0),(4,2,3),(6,1,2),(4,1,5),(3,3,2),(4,1,4)],[(3,4,0),(4,3,3),(6,2,1),(4,5,2),(3,6,-1),(4,5,3),(6,2,2),(4,4,5),(3,6,1),(4,3,5),(3,5,1),(4,3,4),(6,1,2),(4,2,3)]]
indices:[9,13]
---[65]---
valence:4
tile_count:2
center:(4,3,2)
canonical_boundary:[[(3,1,0),(4,1,0),(6,1,0),(4,2,1),(3,3,-1),(4,3,1),(3,4,-1),(4,4,1),(3,5,-2),(4,5,1),(6,2,1),(4,4,3),(3,5,0),(4,3,4),(6,1,2),(4,2,3),(3,3,1),(4,1,3),(3,2,1),(4,0,3),(6,0,1),(4,1,1)]]
tiles:[[(6,1,2),(4,3,4),(3,5,0),(4,4,3),(6,2,1),(4,5,1),(3,5,-2),(4,4,1),(3,4,-1),(4,3,2),(6,1,1),(4,1,3),(3,3,1),(4,2,3)],[(3,4,-1),(4,3,1),(3,3,-1),(4,2,1),(6,1,0),(4,1,0),(3,1,0),(4,1,1),(6,0,1),(4,0,3),(3,2,1),(4,1,3),(6,1,1),(4,3,2)]]
indices:[9,13]
---[66]---
valence:4
tile_count:2
center:(4,2,3)
canonical_boundary:[[(3,2,0),(4,2,1),(3,3,-1),(4,3,1),(6,2,0),(4,5,0),(3,5,-2),(4,4,1),(6,2,1),(4,3,3),(3,5,0),(4,3,4),(6,1,2),(4,1,5),(3,3,2),(4,0,5),(6,0,2),(4,1,3),(3,2,1),(4,1,2)]]
tiles:[[(6,0,2),(4,0,5),(3,3,2),(4,1,5),(6,1,2),(4,3,4),(3,5,0),(4,3,3),(3,4,0),(4,2,3),(6,1,1),(4,1,2),(3,2,1),(4,1,3)],[(3,4,0),(4,3,3),(6,2,1),(4,4,1),(3,5,-2),(4,5,0),(6,2,0),(4,3,1),(3,3,-1),(4,2,1),(3,2,0),(4,1,2),(6,1,1),(4,2,3)]]
indices:[9,13]
---[67]---
valence:4
tile_count:2
center:(4,3,2)
canonical_boundary:[[(3,1,0),(4,1,0),(6,1,0),(4,2,1),(3,3,-1),(4,3,1),(3,4,-1),(4,4,1),(6,2,1),(4,3,3),(3,5,0),(4,3,4),(3,5,1),(4,2,5),(6,1,2),(4,1,4),(3,3,1),(4,1,3),(3,2,1),(4,0,3),(6,0,1),(4,1,1)]]
tiles:[[(6,1,1),(4,1,3),(3,3,1),(4,1,4),(6,1,2),(4,2,5),(3,5,1),(4,3,4),(3,5,0),(4,3,3),(6,2,1),(4,4,1),(3,4,-1),(4,3,2)],[(3,2,1),(4,1,3),(6,1,1),(4,3,2),(3,4,-1),(4,3,1),(3,3,-1),(4,2,1),(6,1,0),(4,1,0),(3,1,0),(4,1,1),(6,0,1),(4,0,3)]]
indices:[13,3]
---[68]---
valence:4
tile_count:2
center:(4,3,3)
canonical_boundary:[[(3,2,0),(4,2,1),(3,3,-1),(4,3,1),(6,2,0),(4,5,0),(3,5,-2),(4,4,1),(6,2,1),(4,5,2),(3,6,-1),(4,5,3),(6,2,2),(4,4,5),(3,6,1),(4,3,5),(3,5,1),(4,3,4),(6,1,2),(4,2,3),(6,1,1),(4,1,2)]]
tiles:[[(6,2,1),(4,5,2),(3,6,-1),(4,5,3),(6,2,2),(4,4,5),(3,6,1),(4,3,5),(3,5,1),(4,3,4),(6,1,2),(4,2,3),(3,4,0),(4,3,3)],[(3,5,-2),(4,4,1),(6,2,1),(4,3,3),(3,4,0),(4,2,3),(6,1,1),(4,1,2),(3,2,0),(4,2,1),(3,3,-1),(4,3,1),(6,2,0),(4,5,0)]]
indices:[13,3]
---[69]---
valence:4
tile_count:2
center:(4,4,1)
canonical_boundary:[[(3,2,0),(4,2,1),(3,3,-1),(4,3,1),(6,2,0),(4,5,0),(3,5,-2),(4,5,1),(6,3,0),(4,7,0),(3,7,-3),(4,7,1),(6,3,1),(4,6,3),(3,7,-1),(4,5,3),(3,6,-1),(4,5,2),(6,2,1),(4,3,3),(3,4,0),(4,2,3),(6,1,1),(4,1,2)]]
tiles:[[(6,2,1),(4,3,3),(3,4,0),(4,2,3),(6,1,1),(4,1,2),(3,2,0),(4,2,1),(3,3,-1),(4,3,1),(6,2,0),(4,5,0),(3,5,-2),(4,4,1)],[(3,6,-1),(4,5,2),(6,2,1),(4,4,1),(3,5,-2),(4,5,1),(6,3,0),(4,7,0),(3,7,-3),(4,7,1),(6,3,1),(4,6,3),(3,7,-1),(4,5,3)]]
indices:[13,3]
---[70]---
valence:4
tile_count:2
center:(4,1,3)
canonical_boundary:[[(3,1,0),(4,1,0),(6,1,0),(4,2,1),(3,3,-1),(4,3,1),(3,4,-1),(4,3,2),(3,4,0),(4,3,3),(6,1,2),(4,2,5),(3,4,2),(4,1,5),(3,3,2),(4,1,4),(6,0,2),(4,0,3),(6,0,1),(4,1,1)]]
tiles:[[(6,1,1),(4,3,2),(3,4,0),(4,3,3),(6,1,2),(4,2,5),(3,4,2),(4,1,5),(3,3,2),(4,1,4),(6,0,2),(4,0,3),(3,2,1),(4,1,3)],[(3,4,-1),(4,3,2),(6,1,1),(4,1,3),(3,2,1),(4,0,3),(6,0,1),(4,1,1),(3,1,0),(4,1,0),(6,1,0),(4,2,1),(3,3,-1),(4,3,1)]]
indices:[13,3]
---[71]---
valence:4
tile_count:2
center:(4,4,1)
canonical_boundary:[[(3,2,0),(4,2,1),(3,3,-1),(4,3,1),(6,2,0),(4,5,0),(3,5,-2),(4,5,1),(6,3,0),(4,7,0),(3,7,-3),(4,7,1),(6,3,1),(4,6,3),(3,7,-1),(4,5,3),(3,6,-1),(4,5,2),(6,2,1),(4,3,3),(3,4,0),(4,2,3),(6,1,1),(4,1,2)]]
tiles:[[(6,3,0),(4,7,0),(3,7,-3),(4,7,1),(6,3,1),(4,6,3),(3,7,-1),(4,5,3),(3,6,-1),(4,5,2),(6,2,1),(4,4,1),(3,5,-2),(4,5,1)],[(3,5,-2),(4,4,1),(6,2,1),(4,3,3),(3,4,0),(4,2,3),(6,1,1),(4,1,2),(3,2,0),(4,2,1),(3,3,-1),(4,3,1),(6,2,0),(4,5,0)]]
indices:[11,1]
---[72]---
valence:4
tile_count:2
center:(4,2,3)
canonical_boundary:[[(3,2,1),(4,1,2),(6,1,1),(4,3,1),(3,4,-1),(4,3,2),(3,4,0),(4,3,3),(6,2,1),(4,5,2),(3,6,-1),(4,5,3),(6,2,2),(4,4,5),(3,6,1),(4,3,5),(3,5,1),(4,3,4),(6,1,2),(4,1,5),(3,3,2),(4,1,4),(6,0,2),(4,0,3)]]
tiles:[[(6,2,1),(4,5,2),(3,6,-1),(4,5,3),(6,2,2),(4,4,5),(3,6,1),(4,3,5),(3,5,1),(4,3,4),(6,1,2),(4,2,3),(3,4,0),(4,3,3)],[(3,4,0),(4,2,3),(6,1,2),(4,1,5),(3,3,2),(4,1,4),(6,0,2),(4,0,3),(3,2,1),(4,1,2),(6,1,1),(4,3,1),(3,4,-1),(4,3,2)]]
indices:[11,1]
---[73]---
valence:4
tile_count:3
center:(4,3,3)
canonical_boundary:[[(3,2,1),(4,1,2),(6,1,1),(4,3,1),(3,3,-1),(4,3,0),(6,2,0),(4,4,1),(3,5,-2),(4,5,1),(3,6,-2),(4,6,1),(3,7,-3),(4,7,1),(6,3,1),(4,6,3),(3,7,-1),(4,5,4),(6,2,2),(4,4,3),(3,5,0),(4,3,4),(6,1,2),(4,1,5),(3,3,2),(4,0,5),(6,0,2),(4,1,3)]]
tiles:[[(6,2,2),(4,5,4),(3,7,-1),(4,6,3),(6,3,1),(4,7,1),(3,7,-3),(4,6,1),(3,6,-2),(4,5,2),(6,2,1),(4,3,3),(3,5,0),(4,4,3)],[(3,6,-2),(4,5,1),(3,5,-2),(4,4,1),(6,2,0),(4,3,0),(3,3,-1),(4,3,1),(6,1,1),(4,2,3),(3,4,0),(4,3,3),(6,2,1),(4,5,2)],[(3,5,0),(4,3,3),(3,4,0),(4,2,3),(6,1,1),(4,1,2),(3,2,1),(4,1,3),(6,0,2),(4,0,5),(3,3,2),(4,1,5),(6,1,2),(4,3,4)]]
indices:[11,11,1]
---[74]---
valence:4
tile_count:4
center:(4,3,2)
canonical_boundary:[[(3,1,0),(4,1,0),(6,1,0),(4,2,1),(3,3,-1),(4,3,1),(3,4,-1),(4,4,1),(3,5,-2),(4,5,1),(6,3,0),(4,7,0),(3,7,-3),(4,6,1),(6,3,1),(4,5,3),(3,7,-1),(4,5,4),(6,2,2),(4,3,5),(3,5,1),(4,2,5),(3,4,2),(4,1,5),(3,3,2),(4,1,4),(6,0,2),(4,0,3),(6,0,1),(4,1,1)]]
tiles:[[(6,1,2),(4,2,5),(3,5,1),(4,3,5),(6,2,2),(4,5,4),(3,7,-1),(4,5,3),(3,6,-1),(4,4,3),(6,2,1),(4,3,2),(3,4,0),(4,3,3)],[(3,6,-1),(4,5,3),(6,3,1),(4,6,1),(3,7,-3),(4,7,0),(6,3,0),(4,5,1),(3,5,-2),(4,4,1),(3,4,-1),(4,3,2),(6,2,1),(4,4,3)],[(3,4,-1),(4,3,1),(3,3,-1),(4,2,1),(6,1,0),(4,1,0),(3,1,0),(4,1,1),(6,0,1),(4,0,3),(3,2,1),(4,1,3),(6,1,1),(4,3,2)],[(3,4,2),(4,2,5),(6,1,2),(4,3,3),(3,4,0),(4,3,2),(6,1,1),(4,1,3),(3,2,1),(4,0,3),(6,0,2),(4,1,4),(3,3,2),(4,1,5)]]
indices:[11,11,13,5]
---[75]---
valence:4
tile_count:4
center:(4,3,4)
canonical_boundary:[[(3,2,1),(4,1,2),(6,1,1),(4,3,1),(3,4,-1),(4,4,1),(6,2,1),(4,3,3),(3,5,0),(4,4,3),(3,6,-1),(4,5,3),(6,3,1),(4,7,2),(3,8,-2),(4,6,3),(6,3,2),(4,5,5),(3,8,0),(4,5,6),(6,2,3),(4,3,7),(3,6,2),(4,2,7),(6,1,3),(4,1,6),(3,4,3),(4,0,7),(6,0,3),(4,1,5),(3,3,2),(4,1,4),(3,3,1),(4,1,3)]]
tiles:[[(6,1,3),(4,2,7),(3,6,2),(4,3,7),(6,2,3),(4,5,6),(3,8,0),(4,5,5),(3,7,0),(4,4,5),(6,2,2),(4,3,4),(3,5,1),(4,3,5)],[(3,7,0),(4,5,5),(6,3,2),(4,6,3),(3,8,-2),(4,7,2),(6,3,1),(4,5,3),(3,6,-1),(4,4,3),(3,5,0),(4,3,4),(6,2,2),(4,4,5)],[(3,5,0),(4,3,3),(6,2,1),(4,4,1),(3,4,-1),(4,3,1),(6,1,1),(4,1,2),(3,2,1),(4,1,3),(3,3,1),(4,2,3),(6,1,2),(4,3,4)],[(3,4,3),(4,1,6),(6,1,3),(4,3,5),(3,5,1),(4,3,4),(6,1,2),(4,2,3),(3,3,1),(4,1,4),(3,3,2),(4,1,5),(6,0,3),(4,0,7)]]
indices:[11,11,13,5]
---[76]---
valence:4
tile_count:4
center:(4,5,4)
canonical_boundary:[[(3,4,0),(4,3,2),(6,2,1),(4,4,3),(3,6,-1),(4,5,3),(3,7,-1),(4,6,3),(6,3,1),(4,7,1),(3,8,-3),(4,8,1),(6,4,1),(4,9,2),(3,10,-3),(4,8,3),(6,4,2),(4,7,5),(3,10,-1),(4,7,6),(6,3,3),(4,6,5),(3,8,0),(4,5,5),(3,7,0),(4,4,5),(6,2,3),(4,3,7),(3,6,2),(4,2,7),(6,1,3),(4,1,6),(3,4,2),(4,2,5),(6,1,2),(4,3,3)]]
tiles:[[(6,3,1),(4,7,1),(3,8,-3),(4,8,1),(6,4,1),(4,9,2),(3,10,-3),(4,8,3),(3,9,-2),(4,7,3),(6,3,2),(4,5,4),(3,7,-1),(4,6,3)],[(3,9,-2),(4,8,3),(6,4,2),(4,7,5),(3,10,-1),(4,7,6),(6,3,3),(4,6,5),(3,8,0),(4,5,5),(3,7,0),(4,5,4),(6,3,2),(4,7,3)],[(3,7,0),(4,4,5),(6,2,3),(4,3,7),(3,6,2),(4,2,7),(6,1,3),(4,1,6),(3,4,2),(4,2,5),(3,5,1),(4,3,5),(6,2,2),(4,5,4)],[(3,7,-1),(4,5,4),(6,2,2),(4,3,5),(3,5,1),(4,2,5),(6,1,2),(4,3,3),(3,4,0),(4,3,2),(6,2,1),(4,4,3),(3,6,-1),(4,5,3)]]
indices:[11,11,13,1]
---[77]---
valence:4
tile_count:3
center:(4,3,4)
canonical_boundary:[[(3,3,1),(4,1,3),(6,1,1),(4,3,2),(3,4,-1),(4,4,1),(6,2,1),(4,3,3),(3,5,0),(4,4,3),(3,6,-1),(4,5,3),(6,3,1),(4,7,2),(3,8,-2),(4,6,3),(6,3,2),(4,5,5),(3,8,0),(4,5,6),(6,2,3),(4,3,7),(3,6,2),(4,2,7),(6,1,3),(4,3,5),(3,5,1),(4,2,5),(6,1,2),(4,1,4)]]
tiles:[[(6,1,3),(4,2,7),(3,6,2),(4,3,7),(6,2,3),(4,5,6),(3,8,0),(4,5,5),(3,7,0),(4,4,5),(6,2,2),(4,3,4),(3,5,1),(4,3,5)],[(3,7,0),(4,5,5),(6,3,2),(4,6,3),(3,8,-2),(4,7,2),(6,3,1),(4,5,3),(3,6,-1),(4,4,3),(3,5,0),(4,3,4),(6,2,2),(4,4,5)],[(3,5,1),(4,3,4),(3,5,0),(4,3,3),(6,2,1),(4,4,1),(3,4,-1),(4,3,2),(6,1,1),(4,1,3),(3,3,1),(4,1,4),(6,1,2),(4,2,5)]]
indices:[11,11,1]
---[78]---
valence:6
tile_count:2
center:(6,1,1)
canonical_boundary:[[(3,1,0),(4,1,0),(6,1,0),(4,2,1),(3,3,-1),(4,3,1),(3,4,-1),(4,4,1),(3,5,-2),(4,5,1),(6,2,1),(4,4,3),(3,5,0),(4,3,4),(6,1,2),(4,2,3),(3,3,1),(4,1,3),(3,2,1),(4,0,3),(6,0,1),(4,1,1)]]
tiles:[[(6,0,1),(4,0,3),(3,2,1),(4,1,3),(6,1,1),(4,3,2),(3,4,-1),(4,3,1),(3,3,-1),(4,2,1),(6,1,0),(4,1,0),(3,1,0),(4,1,1)],[(3,5,0),(4,4,3),(6,2,1),(4,5,1),(3,5,-2),(4,4,1),(3,4,-1),(4,3,2),(6,1,1),(4,1,3),(3,3,1),(4,2,3),(6,1,2),(4,3,4)]]
indices:[4,8]
---[79]---
valence:6
tile_count:2
center:(6,1,1)
canonical_boundary:[[(3,1,0),(4,1,0),(6,1,0),(4,2,1),(3,3,-1),(4,3,1),(3,4,-1),(4,4,1),(6,2,1),(4,3,3),(3,5,0),(4,3,4),(3,5,1),(4,2,5),(6,1,2),(4,1,4),(3,3,1),(4,1,3),(3,2,1),(4,0,3),(6,0,1),(4,1,1)]]
tiles:[[(6,0,1),(4,0,3),(3,2,1),(4,1,3),(6,1,1),(4,3,2),(3,4,-1),(4,3,1),(3,3,-1),(4,2,1),(6,1,0),(4,1,0),(3,1,0),(4,1,1)],[(3,5,1),(4,3,4),(3,5,0),(4,3,3),(6,2,1),(4,4,1),(3,4,-1),(4,3,2),(6,1,1),(4,1,3),(3,3,1),(4,1,4),(6,1,2),(4,2,5)]]
indices:[4,8]
---[80]---
valence:6
tile_count:2
center:(6,1,1)
canonical_boundary:[[(3,1,0),(4,1,0),(6,1,0),(4,2,1),(3,3,-1),(4,3,1),(3,4,-1),(4,3,2),(3,4,0),(4,3,3),(6,1,2),(4,2,5),(3,4,2),(4,1,5),(3,3,2),(4,1,4),(6,0,2),(4,0,3),(6,0,1),(4,1,1)]]
tiles:[[(6,0,1),(4,0,3),(3,2,1),(4,1,3),(6,1,1),(4,3,2),(3,4,-1),(4,3,1),(3,3,-1),(4,2,1),(6,1,0),(4,1,0),(3,1,0),(4,1,1)],[(3,4,2),(4,2,5),(6,1,2),(4,3,3),(3,4,0),(4,3,2),(6,1,1),(4,1,3),(3,2,1),(4,0,3),(6,0,2),(4,1,4),(3,3,2),(4,1,5)]]
indices:[4,6]
---[81]---
valence:6
tile_count:2
center:(6,1,1)
canonical_boundary:[[(3,2,0),(4,2,1),(3,3,-1),(4,3,1),(6,2,0),(4,5,0),(3,5,-2),(4,4,1),(6,2,1),(4,3,3),(3,5,0),(4,3,4),(6,1,2),(4,1,5),(3,3,2),(4,0,5),(6,0,2),(4,1,3),(3,2,1),(4,1,2)]]
tiles:[[(6,2,1),(4,3,3),(3,4,0),(4,2,3),(6,1,1),(4,1,2),(3,2,0),(4,2,1),(3,3,-1),(4,3,1),(6,2,0),(4,5,0),(3,5,-2),(4,4,1)],[(3,3,2),(4,0,5),(6,0,2),(4,1,3),(3,2,1),(4,1,2),(6,1,1),(4,2,3),(3,4,0),(4,3,3),(3,5,0),(4,3,4),(6,1,2),(4,1,5)]]
indices:[4,6]
---[82]---
valence:6
tile_count:2
center:(6,1,1)
canonical_boundary:[[(3,1,0),(4,1,0),(6,1,0),(4,2,1),(3,3,-1),(4,3,1),(3,4,-1),(4,4,1),(6,2,1),(4,3,3),(3,5,0),(4,3,4),(3,5,1),(4,2,5),(6,1,2),(4,1,4),(3,3,1),(4,1,3),(3,2,1),(4,0,3),(6,0,1),(4,1,1)]]
tiles:[[(6,1,1),(4,1,3),(3,3,1),(4,1,4),(6,1,2),(4,2,5),(3,5,1),(4,3,4),(3,5,0),(4,3,3),(6,2,1),(4,4,1),(3,4,-1),(4,3,2)],[(3,2,1),(4,1,3),(6,1,1),(4,3,2),(3,4,-1),(4,3,1),(3,3,-1),(4,2,1),(6,1,0),(4,1,0),(3,1,0),(4,1,1),(6,0,1),(4,0,3)]]
indices:[0,2]
---[83]---
valence:6
tile_count:3
center:(6,2,1)
canonical_boundary:[[(3,2,0),(4,2,1),(3,3,-1),(4,3,1),(6,2,0),(4,5,0),(3,5,-2),(4,5,1),(6,3,0),(4,7,0),(3,7,-3),(4,7,1),(6,3,1),(4,6,3),(3,7,-1),(4,5,3),(6,2,2),(4,4,5),(3,6,1),(4,3,5),(3,5,1),(4,3,4),(6,1,2),(4,2,3),(6,1,1),(4,1,2)]]
tiles:[[(6,2,1),(4,5,2),(3,6,-1),(4,5,3),(6,2,2),(4,4,5),(3,6,1),(4,3,5),(3,5,1),(4,3,4),(6,1,2),(4,2,3),(3,4,0),(4,3,3)],[(3,5,-2),(4,4,1),(6,2,1),(4,3,3),(3,4,0),(4,2,3),(6,1,1),(4,1,2),(3,2,0),(4,2,1),(3,3,-1),(4,3,1),(6,2,0),(4,5,0)],[(3,7,-1),(4,5,3),(3,6,-1),(4,5,2),(6,2,1),(4,4,1),(3,5,-2),(4,5,1),(6,3,0),(4,7,0),(3,7,-3),(4,7,1),(6,3,1),(4,6,3)]]
indices:[0,2,4]
---[84]---
valence:6
tile_count:3
center:(6,2,2)
canonical_boundary:[[(3,3,1),(4,2,3),(3,4,0),(4,3,3),(6,2,1),(4,5,2),(6,3,1),(4,7,1),(3,8,-3),(4,7,2),(3,8,-2),(4,6,3),(6,3,2),(4,5,5),(6,2,3),(4,4,7),(3,7,2),(4,3,7),(3,6,2),(4,3,6),(6,1,3),(4,2,5),(6,1,2),(4,1,4)]]
tiles:[[(6,2,2),(4,4,3),(3,6,-1),(4,5,2),(6,3,1),(4,7,1),(3,8,-3),(4,7,2),(3,8,-2),(4,6,3),(6,3,2),(4,5,5),(3,7,0),(4,5,4)],[(3,5,1),(4,3,5),(6,2,2),(4,5,4),(3,7,0),(4,5,5),(6,2,3),(4,4,7),(3,7,2),(4,3,7),(3,6,2),(4,3,6),(6,1,3),(4,2,5)],[(3,4,0),(4,3,3),(6,2,1),(4,5,2),(3,6,-1),(4,4,3),(6,2,2),(4,3,5),(3,5,1),(4,2,5),(6,1,2),(4,1,4),(3,3,1),(4,2,3)]]
indices:[0,2,6]
---[85]---
valence:6
tile_count:3
center:(6,2,1)
canonical_boundary:[[(3,2,0),(4,2,1),(3,3,-1),(4,3,1),(6,2,0),(4,5,0),(3,5,-2),(4,5,1),(6,3,0),(4,7,0),(3,7,-3),(4,7,1),(6,3,1),(4,6,3),(3,7,-1),(4,5,3),(3,6,-1),(4,4,3),(6,2,2),(4,3,5),(3,5,1),(4,2,5),(6,1,2),(4,1,4),(3,3,1),(4,2,3),(6,1,1),(4,1,2)]]
tiles:[[(6,2,1),(4,3,3),(3,4,0),(4,2,3),(6,1,1),(4,1,2),(3,2,0),(4,2,1),(3,3,-1),(4,3,1),(6,2,0),(4,5,0),(3,5,-2),(4,4,1)],[(3,6,-1),(4,5,2),(6,2,1),(4,4,1),(3,5,-2),(4,5,1),(6,3,0),(4,7,0),(3,7,-3),(4,7,1),(6,3,1),(4,6,3),(3,7,-1),(4,5,3)],[(3,3,1),(4,2,3),(3,4,0),(4,3,3),(6,2,1),(4,5,2),(3,6,-1),(4,4,3),(6,2,2),(4,3,5),(3,5,1),(4,2,5),(6,1,2),(4,1,4)]]
indices:[0,2,4]
---[86]---
valence:6
tile_count:3
center:(6,2,1)
canonical_boundary:[[(3,2,0),(4,2,1),(3,3,-1),(4,3,1),(6,2,0),(4,5,0),(3,5,-2),(4,5,1),(6,3,0),(4,7,0),(3,7,-3),(4,7,1),(6,3,1),(4,6,3),(3,7,-1),(4,5,3),(6,2,2),(4,4,5),(3,6,1),(4,3,5),(3,5,1),(4,3,4),(6,1,2),(4,2,3),(6,1,1),(4,1,2)]]
tiles:[[(6,2,1),(4,3,3),(3,4,0),(4,2,3),(6,1,1),(4,1,2),(3,2,0),(4,2,1),(3,3,-1),(4,3,1),(6,2,0),(4,5,0),(3,5,-2),(4,4,1)],[(3,6,-1),(4,5,2),(6,2,1),(4,4,1),(3,5,-2),(4,5,1),(6,3,0),(4,7,0),(3,7,-3),(4,7,1),(6,3,1),(4,6,3),(3,7,-1),(4,5,3)],[(3,5,1),(4,3,4),(6,1,2),(4,2,3),(3,4,0),(4,3,3),(6,2,1),(4,5,2),(3,6,-1),(4,5,3),(6,2,2),(4,4,5),(3,6,1),(4,3,5)]]
indices:[0,2,6]
---[87]---
valence:6
tile_count:2
center:(6,1,1)
canonical_boundary:[[(3,1,0),(4,1,0),(6,1,0),(4,2,1),(3,3,-1),(4,3,1),(3,4,-1),(4,3,2),(3,4,0),(4,3,3),(6,1,2),(4,2,5),(3,4,2),(4,1,5),(3,3,2),(4,1,4),(6,0,2),(4,0,3),(6,0,1),(4,1,1)]]
tiles:[[(6,1,1),(4,3,2),(3,4,0),(4,3,3),(6,1,2),(4,2,5),(3,4,2),(4,1,5),(3,3,2),(4,1,4),(6,0,2),(4,0,3),(3,2,1),(4,1,3)],[(3,4,-1),(4,3,2),(6,1,1),(4,1,3),(3,2,1),(4,0,3),(6,0,1),(4,1,1),(3,1,0),(4,1,0),(6,1,0),(4,2,1),(3,3,-1),(4,3,1)]]
indices:[0,2]
---[88]---
valence:6
tile_count:3
center:(6,2,1)
canonical_boundary:[[(3,2,0),(4,2,1),(3,3,-1),(4,3,1),(6,2,0),(4,5,0),(3,5,-2),(4,5,1),(6,3,0),(4,7,0),(3,7,-3),(4,7,1),(6,3,1),(4,6,3),(3,7,-1),(4,5,3),(6,2,2),(4,4,5),(3,6,1),(4,3,5),(3,5,1),(4,3,4),(6,1,2),(4,2,3),(6,1,1),(4,1,2)]]
tiles:[[(6,3,0),(4,7,0),(3,7,-3),(4,7,1),(6,3,1),(4,6,3),(3,7,-1),(4,5,3),(3,6,-1),(4,5,2),(6,2,1),(4,4,1),(3,5,-2),(4,5,1)],[(3,6,1),(4,3,5),(3,5,1),(4,3,4),(6,1,2),(4,2,3),(3,4,0),(4,3,3),(6,2,1),(4,5,2),(3,6,-1),(4,5,3),(6,2,2),(4,4,5)],[(3,5,-2),(4,4,1),(6,2,1),(4,3,3),(3,4,0),(4,2,3),(6,1,1),(4,1,2),(3,2,0),(4,2,1),(3,3,-1),(4,3,1),(6,2,0),(4,5,0)]]
indices:[10,8,2]
---[89]---
valence:6
tile_count:3
center:(6,2,1)
canonical_boundary:[[(3,2,0),(4,2,1),(3,3,-1),(4,3,1),(6,2,0),(4,5,0),(3,5,-2),(4,5,1),(6,3,0),(4,7,0),(3,7,-3),(4,7,1),(6,3,1),(4,6,3),(3,7,-1),(4,5,3),(3,6,-1),(4,4,3),(6,2,2),(4,3,5),(3,5,1),(4,2,5),(6,1,2),(4,1,4),(3,3,1),(4,2,3),(6,1,1),(4,1,2)]]
tiles:[[(6,2,2),(4,3,5),(3,5,1),(4,2,5),(6,1,2),(4,1,4),(3,3,1),(4,2,3),(3,4,0),(4,3,3),(6,2,1),(4,5,2),(3,6,-1),(4,4,3)],[(3,2,0),(4,2,1),(3,3,-1),(4,3,1),(6,2,0),(4,5,0),(3,5,-2),(4,4,1),(6,2,1),(4,3,3),(3,4,0),(4,2,3),(6,1,1),(4,1,2)],[(3,6,-1),(4,5,2),(6,2,1),(4,4,1),(3,5,-2),(4,5,1),(6,3,0),(4,7,0),(3,7,-3),(4,7,1),(6,3,1),(4,6,3),(3,7,-1),(4,5,3)]]
indices:[10,8,2]
---[90]---
valence:6
tile_count:3
center:(6,2,1)
canonical_boundary:[[(3,2,0),(4,2,1),(3,3,-1),(4,3,1),(6,2,0),(4,5,0),(3,5,-2),(4,5,1),(6,3,0),(4,7,0),(3,7,-3),(4,7,1),(6,3,1),(4,6,3),(3,7,-1),(4,5,3),(3,6,-1),(4,4,3),(6,2,2),(4,3,5),(3,5,1),(4,2,5),(6,1,2),(4,1,4),(3,3,1),(4,2,3),(6,1,1),(4,1,2)]]
tiles:[[(6,3,0),(4,7,0),(3,7,-3),(4,7,1),(6,3,1),(4,6,3),(3,7,-1),(4,5,3),(3,6,-1),(4,5,2),(6,2,1),(4,4,1),(3,5,-2),(4,5,1)],[(3,6,-1),(4,4,3),(6,2,2),(4,3,5),(3,5,1),(4,2,5),(6,1,2),(4,1,4),(3,3,1),(4,2,3),(3,4,0),(4,3,3),(6,2,1),(4,5,2)],[(3,5,-2),(4,4,1),(6,2,1),(4,3,3),(3,4,0),(4,2,3),(6,1,1),(4,1,2),(3,2,0),(4,2,1),(3,3,-1),(4,3,1),(6,2,0),(4,5,0)]]
indices:[10,12,2]
---[91]---
valence:6
tile_count:3
center:(6,2,2)
canonical_boundary:[[(3,4,0),(4,3,2),(6,2,1),(4,4,3),(3,6,-1),(4,5,2),(3,6,-2),(4,6,1),(6,3,1),(4,7,2),(3,8,-2),(4,7,3),(6,3,2),(4,5,4),(3,7,0),(4,5,5),(3,8,0),(4,5,6),(6,2,3),(4,3,7),(3,6,2),(4,2,7),(6,1,3),(4,3,5),(3,5,1),(4,2,5),(3,4,2),(4,1,5),(6,1,2),(4,2,3)]]
tiles:[[(6,3,2),(4,7,3),(3,8,-2),(4,7,2),(6,3,1),(4,6,1),(3,6,-2),(4,5,2),(3,6,-1),(4,5,3),(6,2,2),(4,4,5),(3,7,0),(4,5,4)],[(3,6,-1),(4,4,3),(6,2,1),(4,3,2),(3,4,0),(4,2,3),(6,1,2),(4,1,5),(3,4,2),(4,2,5),(3,5,1),(4,3,4),(6,2,2),(4,5,3)],[(3,7,0),(4,4,5),(6,2,2),(4,3,4),(3,5,1),(4,3,5),(6,1,3),(4,2,7),(3,6,2),(4,3,7),(6,2,3),(4,5,6),(3,8,0),(4,5,5)]]
indices:[10,12,2]
---[92]---
valence:6
tile_count:2
center:(6,1,1)
canonical_boundary:[[(3,1,0),(4,1,0),(6,1,0),(4,2,1),(3,3,-1),(4,3,1),(3,4,-1),(4,4,1),(3,5,-2),(4,5,1),(6,2,1),(4,4,3),(3,5,0),(4,3,4),(6,1,2),(4,2,3),(3,3,1),(4,1,3),(3,2,1),(4,0,3),(6,0,1),(4,1,1)]]
tiles:[[(6,1,2),(4,3,4),(3,5,0),(4,4,3),(6,2,1),(4,5,1),(3,5,-2),(4,4,1),(3,4,-1),(4,3,2),(6,1,1),(4,1,3),(3,3,1),(4,2,3)],[(3,4,-1),(4,3,1),(3,3,-1),(4,2,1),(6,1,0),(4,1,0),(3,1,0),(4,1,1),(6,0,1),(4,0,3),(3,2,1),(4,1,3),(6,1,1),(4,3,2)]]
indices:[10,12]
---[93]---
valence:6
tile_count:2
center:(6,1,1)
canonical_boundary:[[(3,2,0),(4,2,1),(3,3,-1),(4,3,1),(6,2,0),(4,5,0),(3,5,-2),(4,4,1),(6,2,1),(4,3,3),(3,5,0),(4,3,4),(6,1,2),(4,1,5),(3,3,2),(4,0,5),(6,0,2),(4,1,3),(3,2,1),(4,1,2)]]
tiles:[[(6,0,2),(4,0,5),(3,3,2),(4,1,5),(6,1,2),(4,3,4),(3,5,0),(4,3,3),(3,4,0),(4,2,3),(6,1,1),(4,1,2),(3,2,1),(4,1,3)],[(3,4,0),(4,3,3),(6,2,1),(4,4,1),(3,5,-2),(4,5,0),(6,2,0),(4,3,1),(3,3,-1),(4,2,1),(3,2,0),(4,1,2),(6,1,1),(4,2,3)]]
indices:[10,12]
